ATOMS
   *       x         y         z    ipot  Atom      Distance    Number
************  ********  ********  ******  ******  **********  ********
 0             0         0             0  Ni         0               0
-1.73757      -1.73757   0             1  Ni         2.4573          8
-1.73757       0        -1.73757       1  Ni         2.4573         11
-1.73757       0         1.73757       1  Ni         2.4573         17
-1.73757       1.73757   0             1  Ni         2.4573         20
 1.06396e-16  -1.73757  -1.73757       1  Ni         2.4573         23
 0            -1.73757   1.73757       1  Ni         2.4573         29
 1.73757      -1.73757   0             1  Ni         2.4573         32
 0             1.73757  -1.73757       1  Ni         2.4573         36
 1.73757       0        -1.73757       1  Ni         2.4573         37
-1.06396e-16   1.73757   1.73757       1  Ni         2.4573         44
 1.73757       0         1.73757       1  Ni         2.4573         46
 1.73757       1.73757   0             1  Ni         2.4573         50
-3.47515       0         0             1  Ni         3.47515        15
 1.06396e-16  -3.47515   0             1  Ni         3.47515        28
 1.06396e-16   0        -3.47515       1  Ni         3.47515        35
-1.06396e-16   0         3.47515       1  Ni         3.47515        43
-1.06396e-16   3.47515   0             1  Ni         3.47515        49
 3.47515       0         0             1  Ni         3.47515        52
-3.47515      -1.73757  -1.73757       1  Ni         4.25617         1
-1.73757      -3.47515  -1.73757       1  Ni         4.25617         2
-1.73757      -1.73757  -3.47515       1  Ni         4.25617         3
-3.47515      -1.73757   1.73757       1  Ni         4.25617         5
-1.73757      -3.47515   1.73757       1  Ni         4.25617         6
-1.73757      -1.73757   3.47515       1  Ni         4.25617         7
-3.47515       1.73757  -1.73757       1  Ni         4.25617        10
-1.73757       1.73757  -3.47515       1  Ni         4.25617        12
-1.73757       3.47515  -1.73757       1  Ni         4.25617        13
-3.47515       1.73757   1.73757       1  Ni         4.25617        16
-1.73757       1.73757   3.47515       1  Ni         4.25617        18
-1.73757       3.47515   1.73757       1  Ni         4.25617        21
 1.73757      -3.47515  -1.73757       1  Ni         4.25617        24
 1.73757      -1.73757  -3.47515       1  Ni         4.25617        25
 3.47515      -1.73757  -1.73757       1  Ni         4.25617        26
 1.73757      -3.47515   1.73757       1  Ni         4.25617        30
 1.73757      -1.73757   3.47515       1  Ni         4.25617        31
 3.47515      -1.73757   1.73757       1  Ni         4.25617        34
 1.73757       1.73757  -3.47515       1  Ni         4.25617        39
 1.73757       3.47515  -1.73757       1  Ni         4.25617        40
 3.47515       1.73757  -1.73757       1  Ni         4.25617        42
 1.73757       1.73757   3.47515       1  Ni         4.25617        47
 1.73757       3.47515   1.73757       1  Ni         4.25617        51
 3.47515       1.73757   1.73757       1  Ni         4.25617        53
-3.47515      -3.47515   0             1  Ni         4.9146          4
-3.47515       0        -3.47515       1  Ni         4.9146          9
-3.47515       0         3.47515       1  Ni         4.9146         14
-3.47515       3.47515   0             1  Ni         4.9146         19
 2.12791e-16  -3.47515  -3.47515       1  Ni         4.9146         22
 0            -3.47515   3.47515       1  Ni         4.9146         27
 3.47515      -3.47515   0             1  Ni         4.9146         33
 0             3.47515  -3.47515       1  Ni         4.9146         38
 3.47515       0        -3.47515       1  Ni         4.9146         41
-2.12791e-16   3.47515   3.47515       1  Ni         4.9146         45
 3.47515       0         3.47515       1  Ni         4.9146         48
 3.47515       3.47515   0             1  Ni         4.9146         54
END
