# comment: None given                          Feff8L (EXAFS)       0.1      
# Source:
# Structure Summary:  Ni1
# Reduced formula:  Ni
# space group: (Fm-3m), space number:  (225)
# abc:  2.457299   2.457299   2.457299
# angles: 60.000000  60.000000  60.000000
# sites: 1
# POT  Non-SCF, core-hole, AFOLP (folp(0)= 1.150)
# Abs   Z=28 Rmt= 1.308 Rnm= 1.345 K  shell
# Pot 1 Z=28 Rmt= 1.325 Rnm= 1.366
# Gam_ch=1.576E+00 H-L exch
# Mu=-1.136E+01 kf=2.075E+00 Vint=-2.777E+01 Rs_int= 1.747
# PATH  Rmax= 4.964,  Keep_limit= 0.00, Heap_limit 0.00  Pwcrit= 2.50%
#  S02=1.000                                        Global_sig2= 0.00000
#  Curved wave amplitude ratio filter   4.000%
#     file         sig2 tot  cw amp ratio   deg  nlegs   reff  inp sig2
#           1       0.00000    100.00     12.00     2   2.4573
#           2       0.00000     22.76      6.00     2   3.4752
#           3       0.00000     10.56     48.00     3   3.6859
#           4       0.00000      9.47     48.00     3   4.1949
#           5       0.00000     55.39     24.00     2   4.2562
#           6       0.00000     11.03     48.00     3   4.5854
#           7       0.00000     22.13     96.00     3   4.5854
#           8       0.00000     19.10     12.00     2   4.9146
#           9       0.00000      8.56     12.00     3   4.9146
#          10       0.00000     49.90     24.00     3   4.9146
#          11       0.00000     10.29     12.00     4   4.9146
#          12       0.00000      4.04     12.00     4   4.9146
#          14       0.00000     40.97     12.00     4   4.9146
#    13/  15 paths used
#  -----------------------------------------------------------------------
#       k          chi          mag           phase @#
     0.0500   -3.743525E-01  3.801739E-01 -1.395571E+00
     0.1000   -3.740819E-01  3.802699E-01 -1.390149E+00
     0.1500   -3.732045E-01  3.805509E-01 -1.373986E+00
     0.2000   -3.721830E-01  3.807923E-01 -1.357750E+00
     0.2500   -3.702325E-01  3.811516E-01 -1.330857E+00
     0.3000   -3.678859E-01  3.814027E-01 -1.303771E+00
     0.3500   -3.641036E-01  3.816742E-01 -1.266187E+00
     0.4000   -3.595630E-01  3.817397E-01 -1.228261E+00
     0.4500   -3.529360E-01  3.816984E-01 -1.180106E+00
     0.5000   -3.451150E-01  3.813294E-01 -1.131453E+00
     0.5500   -3.344786E-01  3.807446E-01 -1.072683E+00
     0.6000   -3.221945E-01  3.796910E-01 -1.013278E+00
     0.6500   -3.063968E-01  3.782912E-01 -9.440663E-01
     0.7000   -2.885916E-01  3.762701E-01 -8.741212E-01
     0.7500   -2.667336E-01  3.737872E-01 -7.946197E-01
     0.8000   -2.427397E-01  3.705269E-01 -7.143418E-01
     0.8500   -2.144774E-01  3.666977E-01 -6.247431E-01
     0.9000   -1.843445E-01  3.619410E-01 -5.343965E-01
     0.9500   -1.502270E-01  3.565174E-01 -4.349593E-01
     1.0000   -1.150440E-01  3.500356E-01 -3.348885E-01
     1.0500   -7.680442E-02  3.427965E-01 -2.259707E-01
     1.1000   -3.891439E-02  3.344050E-01 -1.166333E-01
     1.1500    4.061701E-04  3.251770E-01  1.249074E-03
     1.2000    3.743631E-02  3.147581E-01  1.192190E-01
     1.2500    7.373447E-02  3.035333E-01  2.453755E-01
     1.3000    1.055936E-01  2.911496E-01  3.711403E-01
     1.3500    1.342108E-01  2.777874E-01  5.042401E-01
     1.4000    1.564824E-01  2.633882E-01  6.361627E-01
     1.4500    1.735461E-01  2.481494E-01  7.745037E-01
     1.5000    1.832911E-01  2.320930E-01  9.103712E-01
     1.5500    1.869289E-01  2.153761E-01  1.050996E+00
     1.6000    1.837577E-01  1.981864E-01  1.186857E+00
     1.6500    1.752071E-01  1.806536E-01  1.324619E+00
     1.7000    1.620438E-01  1.631655E-01  1.453474E+00
     1.7500    1.458763E-01  1.458813E-01  1.579077E+00
     1.8000    1.285251E-01  1.294196E-01  1.688437E+00
     1.8500    1.114479E-01  1.140736E-01  1.785768E+00
     1.9000    9.664432E-02  1.007267E-01  1.856476E+00
     1.9500    8.483070E-02  8.986015E-02  1.906950E+00
     2.0000    7.715978E-02  8.243866E-02  1.930600E+00
     2.0500    7.279745E-02  7.859008E-02  1.957139E+00
     2.1000    7.171200E-02  7.852907E-02  1.990547E+00
     2.1500    7.216481E-02  8.137551E-02  2.051191E+00
     2.2000    7.199388E-02  8.591964E-02  2.148129E+00
     2.2500    6.691540E-02  9.078902E-02  2.312908E+00
     2.3000    5.637344E-02  9.559969E-02  2.510927E+00
     2.3500    3.929269E-02  9.963071E-02  2.736196E+00
     2.4000    1.611603E-02  1.024041E-01  2.983559E+00
     2.4500   -1.160298E-02  1.037994E-01  3.253609E+00
     2.5000   -3.953789E-02  1.034050E-01  3.533941E+00
     2.5500   -6.373779E-02  1.011027E-01  3.823695E+00
     2.6000   -8.047474E-02  9.682169E-02  4.122791E+00
     2.6500   -9.310483E-02  9.725507E-02  4.419197E+00
     2.7000   -9.714295E-02  9.714526E-02  4.719282E+00
     2.7500   -9.185879E-02  9.647133E-02  5.022868E+00
     2.8000   -7.763797E-02  9.522073E-02  5.329856E+00
     2.8500   -5.938405E-02  9.874602E-02  5.637956E+00
     2.9000   -3.376399E-02  1.017940E-01  5.945091E+00
     2.9500   -3.333442E-03  1.043396E-01  6.251232E+00
     3.0000    2.869207E-02  1.063636E-01  6.556323E+00
     3.0500    5.929068E-02  1.116818E-01  6.842835E+00
     3.1000    8.678917E-02  1.161558E-01  7.126993E+00
     3.1500    1.080598E-01  1.197482E-01  7.408473E+00
     3.2000    1.207334E-01  1.224387E-01  7.686887E+00
     3.2500    1.264549E-01  1.270271E-01  7.948938E+00
     3.3000    1.222215E-01  1.303328E-01  8.208643E+00
     3.3500    1.084074E-01  1.323354E-01  8.464786E+00
     3.4000    8.660089E-02  1.330651E-01  8.716120E+00
     3.4500    6.000396E-02  1.344427E-01  8.962133E+00
     3.5000    2.944958E-02  1.343195E-01  9.203732E+00
     3.5500   -1.847120E-03  1.328480E-01  9.438682E+00
     3.6000   -3.100089E-02  1.302831E-01  9.665033E+00
     3.6500   -5.711029E-02  1.275329E-01  9.889091E+00
     3.7000   -7.784839E-02  1.237101E-01  1.010541E+01
     3.7500   -9.223824E-02  1.190475E-01  1.031118E+01
     3.8000   -1.003859E-01  1.139002E-01  1.050349E+01
     3.8500   -1.040650E-01  1.090383E-01  1.069239E+01
     3.9000   -1.032991E-01  1.041542E-01  1.086735E+01
     3.9500   -9.960065E-02  9.964919E-02  1.102679E+01
     4.0000   -9.450644E-02  9.596998E-02  1.117044E+01
     4.0500   -8.818942E-02  9.279728E-02  1.131203E+01
     4.1000   -8.188424E-02  9.082512E-02  1.144301E+01
     4.1500   -7.590087E-02  9.027218E-02  1.156761E+01
     4.2000   -7.002418E-02  9.122545E-02  1.169129E+01
     4.2500   -6.259110E-02  9.269315E-02  1.182507E+01
     4.3000   -5.394924E-02  9.524195E-02  1.196419E+01
     4.3500   -4.340655E-02  9.868860E-02  1.211096E+01
     4.4000   -3.037862E-02  1.028149E-01  1.226642E+01
     4.4500   -1.447367E-02  1.065782E-01  1.243015E+01
     4.5000    3.718783E-03  1.106551E-01  1.259998E+01
     4.5500    2.383990E-02  1.149310E-01  1.277532E+01
     4.6000    4.525474E-02  1.193163E-01  1.295539E+01
     4.6500    6.659945E-02  1.230513E-01  1.313827E+01
     4.7000    8.724000E-02  1.269616E-01  1.332391E+01
     4.7500    1.062833E-01  1.310490E-01  1.351226E+01
     4.8000    1.227801E-01  1.353122E-01  1.370339E+01
     4.8500    1.355040E-01  1.395360E-01  1.389618E+01
     4.9000    1.438719E-01  1.440158E-01  1.409247E+01
     4.9500    1.468978E-01  1.486905E-01  1.429261E+01
     5.0000    1.436483E-01  1.534709E-01  1.449688E+01
     5.0500    1.332842E-01  1.581674E-01  1.470572E+01
     5.1000    1.154447E-01  1.627531E-01  1.491942E+01
     5.1500    9.016573E-02  1.670494E-01  1.513782E+01
     5.2000    5.817234E-02  1.708690E-01  1.536057E+01
     5.2500    2.059139E-02  1.738844E-01  1.558926E+01
     5.3000   -1.997295E-02  1.760134E-01  1.582168E+01
     5.3500   -6.056243E-02  1.770698E-01  1.605704E+01
     5.4000   -9.789372E-02  1.768911E-01  1.629442E+01
     5.4500   -1.287487E-01  1.750461E-01  1.653439E+01
     5.5000   -1.503116E-01  1.717092E-01  1.677419E+01
     5.5500   -1.609453E-01  1.668316E-01  1.701233E+01
     5.6000   -1.603388E-01  1.604201E-01  1.724692E+01
     5.6500   -1.491717E-01  1.521518E-01  1.747701E+01
     5.7000   -1.302729E-01  1.426034E-01  1.769767E+01
     5.7500   -1.070531E-01  1.320742E-01  1.790446E+01
     5.8000   -8.322355E-02  1.210358E-01  1.809138E+01
     5.8500   -6.198046E-02  1.099384E-01  1.825061E+01
     5.9000   -4.594341E-02  1.002046E-01  1.837325E+01
     5.9500   -3.586443E-02  9.330290E-02  1.845501E+01
     6.0000   -3.075021E-02  9.085070E-02  1.850427E+01
     6.0500   -2.809699E-02  9.393455E-02  1.854579E+01
     6.1000   -2.400529E-02  1.026790E-01  1.861358E+01
     6.1500   -1.442780E-02  1.159397E-01  1.872479E+01
     6.2000    3.959404E-03  1.322689E-01  1.887949E+01
     6.2500    3.287971E-02  1.503940E-01  1.906996E+01
     6.3000    7.182379E-02  1.693255E-01  1.928761E+01
     6.3500    1.178064E-01  1.883082E-01  1.952546E+01
     6.4000    1.655914E-01  2.067505E-01  1.977839E+01
     6.4500    2.083793E-01  2.241726E-01  2.004274E+01
     6.5000    2.388656E-01  2.401742E-01  2.031592E+01
     6.5500    2.498226E-01  2.538792E-01  2.059936E+01
     6.6000    2.368457E-01  2.653710E-01  2.088827E+01
     6.6500    1.986723E-01  2.744319E-01  2.118165E+01
     6.7000    1.377115E-01  2.808898E-01  2.147875E+01
     6.7500    5.992275E-02  2.846164E-01  2.177902E+01
     6.8000   -2.592475E-02  2.855260E-01  2.208207E+01
     6.8500   -1.095044E-01  2.835748E-01  2.238761E+01
     6.9000   -1.804995E-01  2.787603E-01  2.269546E+01
     6.9500   -2.302215E-01  2.711208E-01  2.300552E+01
     7.0000   -2.530008E-01  2.607340E-01  2.331778E+01
     7.0500   -2.465995E-01  2.472428E-01  2.363410E+01
     7.1000   -2.138799E-01  2.313054E-01  2.395259E+01
     7.1500   -1.614011E-01  2.131316E-01  2.427360E+01
     7.2000   -9.838294E-02  1.929626E-01  2.459773E+01
     7.2500   -3.511710E-02  1.710690E-01  2.492599E+01
     7.3000    1.877973E-02  1.477514E-01  2.526019E+01
     7.3500    5.596336E-02  1.233445E-01  2.560367E+01
     7.4000    7.252971E-02  9.823439E-02  2.596334E+01
     7.4500    6.855173E-02  7.292105E-02  2.635561E+01
     7.5000    4.789923E-02  4.828087E-02  2.682935E+01
     7.5500    1.736521E-02  2.699979E-02  2.757571E+01
     7.6000   -1.442049E-02  2.226511E-02  2.897886E+01
     7.6500   -3.906212E-02  3.919801E-02  2.992842E+01
     7.7000   -4.987661E-02  6.082200E-02  3.045444E+01
     7.7500   -4.312517E-02  8.237194E-02  3.086492E+01
     7.8000   -1.866865E-02  1.027604E-01  3.123324E+01
     7.8500    2.005896E-02  1.215195E-01  3.158175E+01
     7.9000    6.673623E-02  1.383592E-01  3.191925E+01
     7.9500    1.133553E-01  1.530715E-01  3.224980E+01
     8.0000    1.517037E-01  1.655032E-01  3.257547E+01
     8.0500    1.746172E-01  1.752969E-01  3.289863E+01
     8.1000    1.777513E-01  1.826297E-01  3.321838E+01
     8.1500    1.600080E-01  1.874880E-01  3.353499E+01
     8.2000    1.236378E-01  1.898983E-01  3.384852E+01
     8.2500    7.372816E-02  1.899265E-01  3.415885E+01
     8.3000    1.721308E-02  1.876767E-01  3.446567E+01
     8.3500   -3.838774E-02  1.832903E-01  3.476852E+01
     8.4000   -8.625469E-02  1.769462E-01  3.506670E+01
     8.4500   -1.213397E-01  1.688596E-01  3.535928E+01
     8.5000   -1.410386E-01  1.592840E-01  3.564499E+01
     8.5500   -1.453237E-01  1.484694E-01  3.592210E+01
     8.6000   -1.366033E-01  1.368473E-01  3.618804E+01
     8.6500   -1.188146E-01  1.248198E-01  3.643977E+01
     8.7000   -9.649831E-02  1.128552E-01  3.667344E+01
     8.7500   -7.383709E-02  1.015031E-01  3.688453E+01
     8.8000   -5.388142E-02  9.140054E-02  3.706866E+01
     8.8500   -3.810536E-02  8.324513E-02  3.722365E+01
     8.9000   -2.635777E-02  7.768795E-02  3.735296E+01
     8.9500   -1.718667E-02  7.512806E-02  3.746830E+01
     9.0000   -8.436641E-03  7.550489E-02  3.758714E+01
     9.0500    2.092771E-03  7.847064E-02  3.772578E+01
     9.1000    1.592575E-02  8.299233E-02  3.789220E+01
     9.1500    3.331536E-02  8.823148E-02  3.808630E+01
     9.2000    5.317635E-02  9.349297E-02  3.830413E+01
     9.2500    7.327125E-02  9.825376E-02  3.854075E+01
     9.3000    9.068062E-02  1.021411E-01  3.879165E+01
     9.3500    1.024447E-01  1.049012E-01  3.905307E+01
     9.4000    1.062282E-01  1.063723E-01  3.932198E+01
     9.4500    1.008588E-01  1.064655E-01  3.959589E+01
     9.5000    8.662042E-02  1.051515E-01  3.987268E+01
     9.5500    6.514631E-02  1.025387E-01  4.015226E+01
     9.6000    3.930058E-02  9.855600E-02  4.043054E+01
     9.6500    1.259969E-02  9.331720E-02  4.070527E+01
     9.7000   -1.153923E-02  8.697918E-02  4.097376E+01
     9.7500   -3.044825E-02  7.974643E-02  4.123246E+01
     9.8000   -4.268126E-02  7.188187E-02  4.147644E+01
     9.8500   -4.821180E-02  6.372890E-02  4.169867E+01
     9.9000   -4.832002E-02  5.575071E-02  4.188928E+01
     9.9500   -4.520099E-02  4.858857E-02  4.203588E+01
    10.0000   -4.138670E-02  4.310368E-02  4.212830E+01
    10.0500   -3.906834E-02  4.023180E-02  4.217042E+01
    10.1000   -3.980940E-02  4.074527E-02  4.219676E+01
    10.1500   -4.391614E-02  4.444725E-02  4.225676E+01
    10.2000   -5.036003E-02  5.039339E-02  4.237511E+01
    10.2500   -5.699876E-02  5.753751E-02  4.254845E+01
    10.3000   -6.107601E-02  6.507043E-02  4.276371E+01
    10.3500   -5.989084E-02  7.243105E-02  4.300878E+01
    10.4000   -5.148856E-02  7.923209E-02  4.327492E+01
    10.4500   -3.521675E-02  8.519902E-02  4.355617E+01
    10.5000   -1.201738E-02  9.013292E-02  4.384857E+01
    10.5500    1.561941E-02  9.388954E-02  4.414943E+01
    10.6000    4.404181E-02  9.636757E-02  4.445694E+01
    10.6500    6.909146E-02  9.750179E-02  4.476983E+01
    10.7000    8.689663E-02  9.725893E-02  4.508728E+01
    10.7500    9.464016E-02  9.563483E-02  4.540874E+01
    10.8000    9.114128E-02  9.265223E-02  4.573394E+01
    10.8500    7.712624E-02  8.835903E-02  4.606283E+01
    10.9000    5.512571E-02  8.282659E-02  4.639565E+01
    10.9500    2.901322E-02  7.614832E-02  4.673300E+01
    11.0000    3.273194E-03  6.843872E-02  4.707604E+01
    11.0500   -1.809903E-02  6.016811E-02  4.742943E+01
    11.1000   -3.179401E-02  5.109294E-02  4.779554E+01
    11.1500   -3.610665E-02  4.140284E-02  4.818333E+01
    11.2000   -3.127431E-02  3.137699E-02  4.861376E+01
    11.2500   -1.941589E-02  2.157130E-02  4.914553E+01
    11.3000   -4.091425E-03  1.373671E-02  4.996305E+01
    11.3500    1.043304E-02  1.316034E-02  5.118081E+01
    11.4000    2.006989E-02  2.056424E-02  5.205599E+01
    11.4500    2.176672E-02  3.045130E-02  5.261073E+01
    11.5000    1.416280E-02  4.076824E-02  5.305228E+01
    11.5500   -2.088596E-03  5.089743E-02  5.344812E+01
    11.6000   -2.439963E-02  6.054753E-02  5.382185E+01
    11.6500   -4.871670E-02  6.952857E-02  5.418341E+01
    11.7000   -7.028865E-02  7.769593E-02  5.453766E+01
    11.7500   -8.458455E-02  8.493327E-02  5.488722E+01
    11.8000   -8.818171E-02  9.114654E-02  5.523363E+01
    11.8500   -7.945002E-02  9.626187E-02  5.557784E+01
    11.9000   -5.889955E-02  1.002248E-01  5.592049E+01
    11.9500   -2.912443E-02  1.029998E-01  5.626200E+01
    12.0000    5.644814E-03  1.045703E-01  5.660268E+01
    12.0500    4.054006E-02  1.053870E-01  5.694353E+01
    12.1000    7.046346E-02  1.050439E-01  5.728396E+01
    12.1500    9.111509E-02  1.035638E-01  5.762410E+01
    12.2000    9.976882E-02  1.009853E-01  5.796409E+01
    12.2500    9.570798E-02  9.736174E-02  5.830404E+01
    12.3000    8.028622E-02  9.276035E-02  5.864407E+01
    12.3500    5.661115E-02  8.726093E-02  5.898431E+01
    12.4000    2.892094E-02  8.095449E-02  5.932494E+01
    12.4500    1.780307E-03  7.394176E-02  5.966618E+01
    12.5000   -2.074629E-02  6.633155E-02  6.000836E+01
    12.5500   -3.578747E-02  5.823913E-02  6.035200E+01
    12.6000   -4.209794E-02  4.978470E-02  6.069795E+01
    12.6500   -4.016090E-02  4.109203E-02  6.104777E+01
    12.7000   -3.195566E-02  3.228810E-02  6.140468E+01
    12.7500   -2.045177E-02  2.350576E-02  6.177650E+01
    12.8000   -8.941717E-03  1.490144E-02  6.218828E+01
    12.8500   -3.512567E-04  6.810564E-03  6.278025E+01
    12.9000    3.335262E-03  3.652759E-03  6.482267E+01
    12.9500    1.426231E-03  1.022149E-02  6.583346E+01
    13.0000   -5.408407E-03  1.721904E-02  6.629295E+01
    13.0500   -1.544117E-02  2.377645E-02  6.668028E+01
    13.1000   -2.607467E-02  2.972970E-02  6.704315E+01
    13.1500   -3.460655E-02  3.499527E-02  6.739505E+01
    13.2000   -3.875321E-02  3.951501E-02  6.774092E+01
    13.2500   -3.712307E-02  4.324733E-02  6.808292E+01
    13.3000   -2.948985E-02  4.616501E-02  6.842211E+01
    13.3500   -1.681794E-02  4.825438E-02  6.875904E+01
    13.4000   -1.044457E-03  4.951493E-02  6.909394E+01
    13.4500    1.532757E-02  4.995892E-02  6.942687E+01
    13.5000    2.973414E-02  4.961089E-02  6.975772E+01
    13.5500    4.004619E-02  4.850717E-02  7.008625E+01
    13.6000    4.495603E-02  4.669518E-02  7.041205E+01
    13.6500    4.418054E-02  4.423287E-02  7.073449E+01
    13.7000    3.844872E-02  4.118809E-02  7.105260E+01
    13.7500    2.928730E-02  3.763829E-02  7.136496E+01
    13.8000    1.865914E-02  3.367088E-02  7.166927E+01
    13.8500    8.537395E-03  2.938496E-02  7.196184E+01
    13.9000    5.076859E-04  2.489648E-02  7.223624E+01
    13.9500   -4.520051E-03  2.035164E-02  7.248060E+01
    14.0000   -6.435426E-03  1.596279E-02  7.267159E+01
    14.0500   -5.864878E-03  1.214289E-02  7.276070E+01
    14.1000   -3.976164E-03  9.623364E-03  7.268257E+01
    14.1500   -2.161032E-03  9.437176E-03  7.248767E+01
    14.2000   -1.675378E-03  1.150579E-02  7.240276E+01
    14.2500   -3.330057E-03  1.467686E-02  7.248552E+01
    14.3000   -7.297003E-03  1.813350E-02  7.267077E+01
    14.3500   -1.307038E-02  2.149104E-02  7.291039E+01
    14.4000   -1.958679E-02  2.455804E-02  7.317989E+01
    14.4500   -2.547310E-02  2.722481E-02  7.346675E+01
    14.5000   -2.936299E-02  2.942195E-02  7.376411E+01
    14.5500   -3.020949E-02  3.110435E-02  7.406788E+01
    14.6000   -2.752357E-02  3.224443E-02  7.437538E+01
    14.6500   -2.148696E-02  3.282896E-02  7.468469E+01
    14.7000   -1.291641E-02  3.285766E-02  7.499422E+01
    14.7500   -3.090381E-03  3.234234E-02  7.530253E+01
    14.8000    6.520822E-03  3.130675E-02  7.560805E+01
    14.8500    1.455951E-02  2.978672E-02  7.590893E+01
    14.9000    2.005167E-02  2.783109E-02  7.620271E+01
    14.9500    2.258527E-02  2.550386E-02  7.648593E+01
    15.0000    2.235854E-02  2.288876E-02  7.675336E+01
    15.0500    2.016863E-02  2.017767E-02  7.699896E+01
    15.1000    1.692457E-02  1.742273E-02  7.720873E+01
    15.1500    1.371804E-02  1.486310E-02  7.736412E+01
    15.2000    1.144124E-02  1.286999E-02  7.744469E+01
    15.2500    1.056746E-02  1.193234E-02  7.745200E+01
    15.3000    1.103689E-02  1.239958E-02  7.744225E+01
    15.3500    1.227461E-02  1.414737E-02  7.748941E+01
    15.4000    1.333759E-02  1.672619E-02  7.761683E+01
    15.4500    1.315809E-02  1.971556E-02  7.780911E+01
    15.5000    1.082776E-02  2.283035E-02  7.804568E+01
    15.5500    5.857133E-03  2.588671E-02  7.831158E+01
    15.6000   -1.650856E-03  2.876034E-02  7.859725E+01
    15.6500   -1.095649E-02  3.136199E-02  7.889670E+01
    15.7000   -2.078309E-02  3.362473E-02  7.920613E+01
    15.7500   -2.954444E-02  3.549755E-02  7.952305E+01
    15.8000   -3.565470E-02  3.694211E-02  7.984583E+01
    15.8500   -3.785624E-02  3.793093E-02  8.017338E+01
    15.9000   -3.549563E-02  3.844645E-02  8.050496E+01
    15.9500   -2.868723E-02  3.848036E-02  8.084012E+01
    16.0000   -1.832689E-02  3.803322E-02  8.117863E+01
    16.0500   -5.977728E-03  3.717116E-02  8.151989E+01
    16.1000    6.528765E-03  3.585884E-02  8.186450E+01
    16.1500    1.728972E-02  3.411868E-02  8.221282E+01
    16.2000    2.473238E-02  3.198057E-02  8.256553E+01
    16.2500    2.790535E-02  2.948181E-02  8.292371E+01
    16.3000    2.664932E-02  2.666750E-02  8.328913E+01
    16.3500    2.161278E-02  2.359163E-02  8.366471E+01
    16.4000    1.410958E-02  2.032016E-02  8.405547E+01
    16.4500    5.847364E-03  1.693854E-02  8.447054E+01
    16.5000   -1.418119E-03  1.357131E-02  8.492769E+01
    16.5500   -6.233010E-03  1.043563E-02  8.546311E+01
    16.6000   -7.729320E-03  7.979593E-03  8.614268E+01
    16.6500   -5.786575E-03  7.028044E-03  8.699730E+01
    16.7000   -1.039983E-03  8.078498E-03  8.783550E+01
    16.7500    5.264581E-03  1.043458E-02  8.849343E+01
    16.8000    1.153755E-02  1.328270E-02  8.901699E+01
    16.8500    1.617907E-02  1.621512E-02  8.946869E+01
    16.9000    1.791061E-02  1.904077E-02  8.988166E+01
    16.9500    1.603810E-02  2.165554E-02  9.027222E+01
    17.0000    1.059441E-02  2.399379E-02  9.064886E+01
    17.0500    2.310677E-03  2.602658E-02  9.101729E+01
    17.1000   -7.468270E-03  2.770945E-02  9.137908E+01
    17.1500   -1.709237E-02  2.901945E-02  9.173600E+01
    17.2000   -2.491657E-02  2.994189E-02  9.208919E+01
    17.2500   -2.961340E-02  3.046953E-02  9.243937E+01
    17.3000   -3.041681E-02  3.060194E-02  9.278704E+01
    17.3500   -2.725093E-02  3.034510E-02  9.313250E+01
    17.4000   -2.072233E-02  2.971097E-02  9.347593E+01
    17.4500   -1.198185E-02  2.871710E-02  9.381738E+01
    17.5000   -2.488393E-03  2.738615E-02  9.415679E+01
    17.5500    6.274975E-03  2.574545E-02  9.449399E+01
    17.6000    1.307451E-02  2.382647E-02  9.482863E+01
    17.6500    1.713550E-02  2.166436E-02  9.516014E+01
    17.7000    1.824990E-02  1.929746E-02  9.548757E+01
    17.7500    1.676629E-02  1.676701E-02  9.580929E+01
    17.8000    1.347061E-02  1.411721E-02  9.612241E+01
    17.8500    9.388475E-03  1.139632E-02  9.642126E+01
    17.9000    5.553687E-03  8.661040E-03  9.669328E+01
    17.9500    2.792415E-03  5.993842E-03  9.690474E+01
    18.0000    1.566519E-03  3.591776E-03  9.693807E+01
    18.0500    1.928914E-03  2.327581E-03  9.641255E+01
    18.1000    3.488999E-03  3.501115E-03  9.590179E+01
    18.1500    5.565422E-03  5.605195E-03  9.593777E+01
    18.2000    7.352464E-03  7.769287E-03  9.614763E+01
    18.2500    8.112375E-03  9.808244E-03  9.641545E+01
    18.3000    7.343716E-03  1.165737E-02  9.670787E+01
    18.3500    4.890780E-03  1.328272E-02  9.701229E+01
    18.4000    9.736303E-04  1.466331E-02  9.732292E+01
    18.4500   -3.863713E-03  1.578626E-02  9.763664E+01
    18.5000   -8.871713E-03  1.664508E-02  9.795151E+01
    18.5500   -1.325180E-02  1.723906E-02  9.826619E+01
    18.6000   -1.631572E-02  1.757289E-02  9.857962E+01
    18.6500   -1.761403E-02  1.765646E-02  9.889082E+01
    18.7000   -1.700856E-02  1.750474E-02  9.919883E+01
    18.7500   -1.467753E-02  1.713760E-02  9.950261E+01
    18.8000   -1.105675E-02  1.657975E-02  9.980095E+01
    18.8500   -6.734592E-03  1.586072E-02  1.000924E+02
    18.9000   -2.326611E-03  1.501492E-02  1.003754E+02
    18.9500    1.641412E-03  1.408166E-02  1.006478E+02
    19.0000    4.817419E-03  1.310537E-02  1.009074E+02
    19.0500    7.068194E-03  1.213609E-02  1.011527E+02
    19.1000    8.425010E-03  1.122404E-02  1.013800E+02
    19.1500    9.082149E-03  1.042715E-02  1.015882E+02
    19.2000    9.292718E-03  9.799345E-03  1.017788E+02
    19.2500    9.281710E-03  9.380150E-03  1.019568E+02
    19.3000    9.179249E-03  9.183072E-03  1.021306E+02
    19.3500    8.990278E-03  9.189165E-03  1.023102E+02
    19.4000    8.606683E-03  9.351241E-03  1.025035E+02
    19.4500    7.856516E-03  9.606509E-03  1.027149E+02
    19.5000    6.575293E-03  9.890066E-03  1.029453E+02
    19.5500    4.678709E-03  1.014379E-02  1.031932E+02
    19.6000    2.215831E-03  1.032005E-02  1.034562E+02
    19.6500   -6.130833E-04  1.038220E-02  1.037316E+02
    19.7000   -3.480856E-03  1.030359E-02  1.040172E+02
    19.7500   -5.995516E-03  1.006625E-02  1.043106E+02
    19.8000   -7.786031E-03  9.659713E-03  1.046100E+02
    19.8500   -8.590779E-03  9.079966E-03  1.049136E+02
    19.9000   -8.326333E-03  8.328663E-03  1.052197E+02
    19.9500   -7.118116E-03  7.412514E-03  1.055261E+02
    20.0000   -5.283111E-03  6.342912E-03  1.058298E+02
