# comment: None given                          Feff8L (EXAFS)       0.1      
# Source:
# Structure Summary:  Ni1
# Reduced formula:  Ni
# space group: (Fm-3m), space number:  (225)
# abc:  2.457299   2.457299   2.457299
# angles: 60.000000  60.000000  60.000000
# sites: 1
# POT  Non-SCF, core-hole, AFOLP (folp(0)= 1.150)
# Abs   Z=28 Rmt= 1.308 Rnm= 1.345 K  shell
# Pot 1 Z=28 Rmt= 1.325 Rnm= 1.366
# Gam_ch=1.576E+00 H-L exch
# Mu=-1.136E+01 kf=2.075E+00 Vint=-2.777E+01 Rs_int= 1.747
# PATH  Rmax= 4.964,  Keep_limit= 0.00, Heap_limit 0.00  Pwcrit= 2.50%
#  S02=1.000                                        Global_sig2= 0.00000
#  Curved wave amplitude ratio filter   4.000%
#     file         sig2 tot  cw amp ratio   deg  nlegs   reff  inp sig2
#           1       0.00000    100.00     12.00     2   2.4573
#           2       0.00000     22.76      6.00     2   3.4752
#           3       0.00000     10.56     48.00     3   3.6859
#           4       0.00000      9.47     48.00     3   4.1949
#           5       0.00000     55.39     24.00     2   4.2562
#           6       0.00000     11.03     48.00     3   4.5854
#           7       0.00000     22.13     96.00     3   4.5854
#           8       0.00000     19.10     12.00     2   4.9146
#           9       0.00000      8.56     12.00     3   4.9146
#          10       0.00000     49.90     24.00     3   4.9146
#          11       0.00000     10.29     12.00     4   4.9146
#          12       0.00000      4.04     12.00     4   4.9146
#          14       0.00000     40.97     12.00     4   4.9146
#    13/  15 paths used
#  xsedge+50, used to normalize mu           2.6776E-04
#  -----------------------------------------------------------------------
#  omega    e    k    mu    mu0     chi     @#
    8342.670    -11.347   0.050  1.25731E-01  4.31737E-01 -3.74352E-01
    8342.699    -11.319   0.100  1.32251E-01  4.38204E-01 -3.74082E-01
    8342.746    -11.271   0.150  1.51630E-01  4.57363E-01 -3.73204E-01
    8342.813    -11.204   0.200  1.71130E-01  4.76522E-01 -3.72183E-01
    8342.899    -11.119   0.250  2.01568E-01  5.06169E-01 -3.70232E-01
    8343.004    -11.014   0.300  2.32342E-01  5.35815E-01 -3.67886E-01
    8343.127    -10.890   0.350  2.68383E-01  5.69820E-01 -3.64104E-01
    8343.270    -10.747   0.400  3.05078E-01  6.03825E-01 -3.59563E-01
    8343.432    -10.585   0.450  3.40512E-01  6.35054E-01 -3.52936E-01
    8343.613    -10.404   0.500  3.76996E-01  6.66283E-01 -3.45115E-01
    8343.813    -10.204   0.550  4.09700E-01  6.91510E-01 -3.34479E-01
    8344.032     -9.985   0.600  4.43890E-01  7.16737E-01 -3.22195E-01
    8344.270     -9.747   0.650  4.75437E-01  7.36379E-01 -3.06397E-01
    8344.528     -9.490   0.700  5.08856E-01  7.56021E-01 -2.88592E-01
    8344.804     -9.214   0.750  5.41740E-01  7.71569E-01 -2.66734E-01
    8345.099     -8.919   0.800  5.76703E-01  7.87117E-01 -2.42740E-01
    8345.413     -8.604   0.850  6.12778E-01  7.99861E-01 -2.14477E-01
    8345.747     -8.271   0.900  6.50803E-01  8.12606E-01 -1.84344E-01
    8346.099     -7.918   0.950  6.90719E-01  8.23413E-01 -1.50227E-01
    8346.471     -7.547   1.000  7.31962E-01  8.34220E-01 -1.15044E-01
    8346.861     -7.156   1.050  7.74926E-01  8.43621E-01 -7.68044E-02
    8347.271     -6.747   1.100  8.18000E-01  8.53022E-01 -3.89144E-02
    8347.699     -6.318   1.150  8.61696E-01  8.61328E-01  4.06170E-04
    8348.147     -5.871   1.200  9.03733E-01  8.69635E-01  3.74363E-02
    8348.614     -5.404   1.250  9.44565E-01  8.77025E-01  7.37345E-02
    8349.100     -4.918   1.300  9.81684E-01  8.84414E-01  1.05594E-01
    8349.604     -4.413   1.350  1.01526E+00  8.90985E-01  1.34211E-01
    8350.128     -3.889   1.400  1.04321E+00  8.97555E-01  1.56482E-01
    8350.671     -3.346   1.450  1.06566E+00  9.03358E-01  1.73546E-01
    8351.233     -2.784   1.500  1.08138E+00  9.09162E-01  1.83291E-01
    8351.814     -2.203   1.550  1.09059E+00  9.14230E-01  1.86929E-01
    8352.414     -1.603   1.600  1.09337E+00  9.19297E-01  1.83758E-01
    8353.033     -0.984   1.650  1.09020E+00  9.23650E-01  1.75207E-01
    8353.672     -0.346   1.700  1.08257E+00  9.28002E-01  1.62044E-01
    8354.329      0.311   1.750  1.07120E+00  9.31658E-01  1.45876E-01
    8355.005      0.987   1.800  1.05860E+00  9.35314E-01  1.28525E-01
    8355.700      1.683   1.850  1.04543E+00  9.38291E-01  1.11448E-01
    8356.415      2.397   1.900  1.03438E+00  9.41268E-01  9.66443E-02
    8357.148      3.131   1.950  1.02541E+00  9.43555E-01  8.48307E-02
    8357.901      3.883   2.000  1.02040E+00  9.45842E-01  7.71598E-02
    8358.672      4.655   2.050  1.01761E+00  9.47216E-01  7.27975E-02
    8359.463      5.445   2.100  1.01797E+00  9.48590E-01  7.17120E-02
    8360.272      6.255   2.150  1.01983E+00  9.49963E-01  7.21648E-02
    8361.101      7.083   2.200  1.02108E+00  9.51337E-01  7.19939E-02
    8361.949      7.931   2.250  1.01627E+00  9.51539E-01  6.69154E-02
    8362.815      8.798   2.300  1.00620E+00  9.51741E-01  5.63734E-02
    8363.701      9.684   2.350  9.89847E-01  9.51944E-01  3.92927E-02
    8364.606     10.589   2.400  9.67670E-01  9.52146E-01  1.61160E-02
    8365.530     11.513   2.450  9.45064E-01  9.56251E-01 -1.16030E-02
    8366.473     12.455   2.500  9.22199E-01  9.60357E-01 -3.95379E-02
    8367.435     13.418   2.550  9.02891E-01  9.64463E-01 -6.37378E-02
    8368.416     14.399   2.600  8.90754E-01  9.68568E-01 -8.04747E-02
    8369.416     15.399   2.650  8.81022E-01  9.71196E-01 -9.31048E-02
    8370.435     16.418   2.700  8.79586E-01  9.73824E-01 -9.71430E-02
    8371.474     17.456   2.750  8.87194E-01  9.76451E-01 -9.18588E-02
    8372.531     18.513   2.800  9.03518E-01  9.79079E-01 -7.76380E-02
    8373.607     19.590   2.850  9.22569E-01  9.80463E-01 -5.93840E-02
    8374.703     20.685   2.900  9.48874E-01  9.81847E-01 -3.37640E-02
    8375.817     21.799   2.950  9.79971E-01  9.83231E-01 -3.33344E-03
    8376.951     22.933   3.000  1.01273E+00  9.84616E-01  2.86921E-02
    8378.103     24.085   3.050  1.04392E+00  9.85710E-01  5.92907E-02
    8379.275     25.257   3.100  1.07217E+00  9.86805E-01  8.67892E-02
    8380.465     26.448   3.150  1.09439E+00  9.87900E-01  1.08060E-01
    8381.675     27.657   3.200  1.10820E+00  9.88995E-01  1.20733E-01
    8382.904     28.886   3.250  1.11484E+00  9.89780E-01  1.26455E-01
    8384.151     30.134   3.300  1.11164E+00  9.90565E-01  1.22221E-01
    8385.418     31.401   3.350  1.09892E+00  9.91350E-01  1.08407E-01
    8386.704     32.687   3.400  1.07821E+00  9.92135E-01  8.66009E-02
    8388.009     33.991   3.450  1.05251E+00  9.92786E-01  6.00040E-02
    8389.333     35.315   3.500  1.02279E+00  9.93437E-01  2.94496E-02
    8390.676     36.658   3.550  9.92245E-01  9.94088E-01 -1.84712E-03
    8392.038     38.020   3.600  9.63757E-01  9.94739E-01 -3.10009E-02
    8393.419     39.402   3.650  9.38138E-01  9.95293E-01 -5.71103E-02
    8394.819     40.802   3.700  9.17829E-01  9.95847E-01 -7.78484E-02
    8396.239     42.221   3.750  9.03833E-01  9.96401E-01 -9.22382E-02
    8397.677     43.659   3.800  8.96071E-01  9.96955E-01 -1.00386E-01
    8399.134     45.117   3.850  8.92920E-01  9.97621E-01 -1.04065E-01
    8400.611     46.593   3.900  8.94238E-01  9.98288E-01 -1.03299E-01
    8402.106     48.088   3.950  8.98515E-01  9.98954E-01 -9.96006E-02
    8403.620     49.603   4.000  9.04210E-01  9.99620E-01 -9.45064E-02
    8405.154     51.136   4.050  9.10842E-01  9.99968E-01 -8.81894E-02
    8406.706     52.689   4.100  9.17475E-01  1.00032E+00 -8.18842E-02
    8408.278     54.261   4.150  9.23795E-01  1.00066E+00 -7.59009E-02
    8409.869     55.851   4.200  9.30020E-01  1.00101E+00 -7.00242E-02
    8411.478     57.461   4.250  9.38015E-01  1.00152E+00 -6.25911E-02
    8413.107     59.090   4.300  9.47250E-01  1.00204E+00 -5.39492E-02
    8414.755     60.737   4.350  9.58433E-01  1.00255E+00 -4.34066E-02
    8416.422     62.404   4.400  9.72161E-01  1.00306E+00 -3.03786E-02
    8418.108     64.090   4.450  9.88761E-01  1.00349E+00 -1.44737E-02
    8419.813     65.795   4.500  1.00771E+00  1.00392E+00  3.71878E-03
    8421.537     67.519   4.550  1.02865E+00  1.00435E+00  2.38399E-02
    8423.280     69.262   4.600  1.05093E+00  1.00478E+00  4.52547E-02
    8425.042     71.024   4.650  1.07289E+00  1.00496E+00  6.65994E-02
    8426.823     72.806   4.700  1.09414E+00  1.00513E+00  8.72400E-02
    8428.623     74.606   4.750  1.11377E+00  1.00531E+00  1.06283E-01
    8430.443     76.425   4.800  1.13082E+00  1.00548E+00  1.22780E-01
    8432.281     78.263   4.850  1.14385E+00  1.00552E+00  1.35504E-01
    8434.138     80.121   4.900  1.15244E+00  1.00556E+00  1.43872E-01
    8436.015     81.997   4.950  1.15558E+00  1.00560E+00  1.46898E-01
    8437.910     83.893   5.000  1.15231E+00  1.00564E+00  1.43648E-01
    8439.825     85.807   5.050  1.14153E+00  1.00547E+00  1.33284E-01
    8441.758     87.741   5.100  1.12312E+00  1.00529E+00  1.15445E-01
    8443.711     89.693   5.150  1.09713E+00  1.00511E+00  9.01657E-02
    8445.683     91.665   5.200  1.06429E+00  1.00494E+00  5.81723E-02
    8447.673     93.656   5.250  1.02556E+00  1.00456E+00  2.05914E-02
    8449.683     95.666   5.300  9.83833E-01  1.00419E+00 -1.99730E-02
    8451.712     97.694   5.350  9.42116E-01  1.00382E+00 -6.05624E-02
    8453.760     99.742   5.400  9.03757E-01  1.00345E+00 -9.78937E-02
    8455.827    101.809   5.450  8.71876E-01  1.00291E+00 -1.28749E-01
    8457.913    103.895   5.500  8.49484E-01  1.00238E+00 -1.50312E-01
    8460.018    106.000   5.550  8.38229E-01  1.00184E+00 -1.60945E-01
    8462.142    108.124   5.600  8.38405E-01  1.00130E+00 -1.60339E-01
    8464.285    110.267   5.650  8.49182E-01  1.00064E+00 -1.49172E-01
    8466.447    112.429   5.700  8.67788E-01  9.99968E-01 -1.30273E-01
    8468.628    114.611   5.750  8.90751E-01  9.99300E-01 -1.07053E-01
    8470.828    116.811   5.800  9.14301E-01  9.98632E-01 -8.32236E-02
    8473.048    119.030   5.850  9.35162E-01  9.97919E-01 -6.19805E-02
    8475.286    121.269   5.900  9.50723E-01  9.97206E-01 -4.59434E-02
    8477.544    123.526   5.950  9.60235E-01  9.96493E-01 -3.58644E-02
    8479.820    125.802   6.000  9.64717E-01  9.95780E-01 -3.07502E-02
    8482.116    128.098   6.050  9.66682E-01  9.95043E-01 -2.80970E-02
    8484.430    130.413   6.100  9.70095E-01  9.94306E-01 -2.40053E-02
    8486.764    132.746   6.150  9.79029E-01  9.93570E-01 -1.44278E-02
    8489.116    135.099   6.200  9.96820E-01  9.92833E-01  3.95940E-03
    8491.488    137.471   6.250  1.02518E+00  9.92096E-01  3.28797E-02
    8493.879    139.861   6.300  1.06357E+00  9.91359E-01  7.18238E-02
    8496.289    142.271   6.350  1.10898E+00  9.90622E-01  1.17806E-01
    8498.718    144.700   6.400  1.15612E+00  9.89886E-01  1.65591E-01
    8501.165    147.148   6.450  1.19817E+00  9.89149E-01  2.08379E-01
    8503.632    149.615   6.500  1.22782E+00  9.88412E-01  2.38866E-01
    8506.118    152.101   6.550  1.23793E+00  9.87738E-01  2.49823E-01
    8508.624    154.606   6.600  1.22407E+00  9.87064E-01  2.36846E-01
    8511.148    157.130   6.650  1.18504E+00  9.86391E-01  1.98672E-01
    8513.691    159.673   6.700  1.12330E+00  9.85717E-01  1.37712E-01
    8516.253    162.235   6.750  1.04486E+00  9.85043E-01  5.99227E-02
    8518.834    164.817   6.800  9.58510E-01  9.84370E-01 -2.59248E-02
    8521.435    167.417   6.850  8.74556E-01  9.83696E-01 -1.09504E-01
    8524.054    170.036   6.900  8.03269E-01  9.83022E-01 -1.80499E-01
    8526.692    172.675   6.950  7.53264E-01  9.82348E-01 -2.30222E-01
    8529.350    175.332   7.000  7.30126E-01  9.81675E-01 -2.53001E-01
    8532.026    178.009   7.050  7.36031E-01  9.80975E-01 -2.46599E-01
    8534.722    180.704   7.100  7.68039E-01  9.80276E-01 -2.13880E-01
    8537.436    183.419   7.150  8.19572E-01  9.79577E-01 -1.61401E-01
    8540.170    186.153   7.200  8.81441E-01  9.78877E-01 -9.83829E-02
    8542.923    188.905   7.250  9.43433E-01  9.78178E-01 -3.51171E-02
    8545.695    191.677   7.300  9.96041E-01  9.77478E-01  1.87797E-02
    8548.485    194.468   7.350  1.03204E+00  9.76779E-01  5.59634E-02
    8551.295    197.278   7.400  1.04763E+00  9.76080E-01  7.25297E-02
    8554.124    200.107   7.450  1.04294E+00  9.75380E-01  6.85517E-02
    8556.972    202.955   7.500  1.02184E+00  9.74681E-01  4.78992E-02
    8559.839    205.822   7.550  9.90861E-01  9.73785E-01  1.73652E-02
    8562.725    208.708   7.600  9.58728E-01  9.72890E-01 -1.44205E-02
    8565.630    211.613   7.650  9.33682E-01  9.71994E-01 -3.90621E-02
    8568.555    214.537   7.700  9.22242E-01  9.71099E-01 -4.98766E-02
    8571.498    217.480   7.750  9.28014E-01  9.70203E-01 -4.31252E-02
    8574.460    220.442   7.800  9.51068E-01  9.69308E-01 -1.86687E-02
    8577.441    223.424   7.850  9.87986E-01  9.68412E-01  2.00590E-02
    8580.442    226.424   7.900  1.03256E+00  9.67517E-01  6.67362E-02
    8583.461    229.444   7.950  1.07695E+00  9.66621E-01  1.13355E-01
    8586.500    232.482   8.000  1.11319E+00  9.65726E-01  1.51704E-01
    8589.557    235.539   8.050  1.13414E+00  9.64662E-01  1.74617E-01
    8592.634    238.616   8.100  1.13586E+00  9.63598E-01  1.77751E-01
    8595.729    241.712   8.150  1.11737E+00  9.62534E-01  1.60008E-01
    8598.844    244.826   8.200  1.08093E+00  9.61470E-01  1.23638E-01
    8601.978    247.960   8.250  1.03153E+00  9.60406E-01  7.37282E-02
    8605.130    251.113   8.300  9.75923E-01  9.59342E-01  1.72131E-02
    8608.302    254.285   8.350  9.21358E-01  9.58278E-01 -3.83877E-02
    8611.493    257.475   8.400  8.74384E-01  9.57214E-01 -8.62547E-02
    8614.703    260.685   8.450  8.39807E-01  9.56151E-01 -1.21340E-01
    8617.932    263.914   8.500  8.20063E-01  9.55087E-01 -1.41039E-01
    8621.180    267.162   8.550  8.15071E-01  9.54002E-01 -1.45324E-01
    8624.447    270.429   8.600  8.22506E-01  9.52918E-01 -1.36603E-01
    8627.733    273.716   8.650  8.38564E-01  9.51834E-01 -1.18815E-01
    8631.038    277.021   8.700  8.58884E-01  9.50750E-01 -9.64983E-02
    8634.362    280.345   8.750  8.79472E-01  9.49666E-01 -7.38371E-02
    8637.706    283.688   8.800  8.97431E-01  9.48582E-01 -5.38814E-02
    8641.068    287.050   8.850  9.11374E-01  9.47497E-01 -3.81054E-02
    8644.449    290.432   8.900  9.21462E-01  9.46413E-01 -2.63578E-02
    8647.850    293.832   8.950  9.29082E-01  9.45329E-01 -1.71867E-02
    8651.269    297.252   9.000  9.36281E-01  9.44245E-01 -8.43664E-03
    8654.708    300.690   9.050  9.45229E-01  9.43256E-01  2.09277E-03
    8658.165    304.148   9.100  9.57268E-01  9.42267E-01  1.59258E-02
    8661.642    307.624   9.150  9.72624E-01  9.41278E-01  3.33154E-02
    8665.138    311.120   9.200  9.90266E-01  9.40289E-01  5.31763E-02
    8668.652    314.635   9.250  1.00809E+00  9.39301E-01  7.32713E-02
    8672.186    318.168   9.300  1.02335E+00  9.38312E-01  9.06806E-02
    8675.739    321.721   9.350  1.03329E+00  9.37323E-01  1.02445E-01
    8679.311    325.293   9.400  1.03573E+00  9.36334E-01  1.06228E-01
    8682.902    328.884   9.450  1.02961E+00  9.35345E-01  1.00859E-01
    8686.512    332.494   9.500  1.01523E+00  9.34356E-01  8.66204E-02
    8690.141    336.123   9.550  9.94225E-01  9.33454E-01  6.51463E-02
    8693.789    339.771   9.600  9.69181E-01  9.32552E-01  3.93006E-02
    8697.456    343.438   9.650  9.43383E-01  9.31650E-01  1.25997E-02
    8701.142    347.124   9.700  9.20012E-01  9.30748E-01 -1.15392E-02
    8704.847    350.830   9.750  9.01541E-01  9.29846E-01 -3.04482E-02
    8708.571    354.554   9.800  8.89301E-01  9.28944E-01 -4.26813E-02
    8712.315    358.297   9.850  8.83301E-01  9.28042E-01 -4.82118E-02
    8716.077    362.059   9.900  8.82337E-01  9.27140E-01 -4.83200E-02
    8719.858    365.841   9.950  8.84363E-01  9.26238E-01 -4.52010E-02
    8723.659    369.641  10.000  8.87028E-01  9.25336E-01 -4.13867E-02
    8727.478    373.461  10.050  8.88216E-01  9.24342E-01 -3.90683E-02
    8731.317    377.299  10.100  8.86574E-01  9.23348E-01 -3.98094E-02
    8735.175    381.157  10.150  8.81827E-01  9.22354E-01 -4.39161E-02
    8739.051    385.034  10.200  8.74934E-01  9.21361E-01 -5.03600E-02
    8742.947    388.929  10.250  8.67873E-01  9.20367E-01 -5.69988E-02
    8746.862    392.844  10.300  8.63180E-01  9.19373E-01 -6.10760E-02
    8750.796    396.778  10.350  8.63332E-01  9.18379E-01 -5.98908E-02
    8754.748    400.731  10.400  8.70109E-01  9.17386E-01 -5.14886E-02
    8758.720    404.703  10.450  8.84089E-01  9.16392E-01 -3.52168E-02
    8762.711    408.694  10.500  9.04386E-01  9.15398E-01 -1.20174E-02
    8766.721    412.704  10.550  9.28703E-01  9.14405E-01  1.56194E-02
    8770.750    416.733  10.600  9.53687E-01  9.13411E-01  4.40418E-02
    8774.798    420.781  10.650  9.75537E-01  9.12417E-01  6.90915E-02
    8778.866    424.848  10.700  9.90729E-01  9.11423E-01  8.68966E-02
    8782.952    428.934  10.750  9.96715E-01  9.10430E-01  9.46402E-02
    8787.057    433.039  10.800  9.92447E-01  9.09436E-01  9.11413E-02
    8791.181    437.164  10.850  9.78617E-01  9.08442E-01  7.71262E-02
    8795.325    441.307  10.900  9.57554E-01  9.07448E-01  5.51257E-02
    8799.487    445.469  10.950  9.32799E-01  9.06455E-01  2.90132E-02
    8803.669    449.651  11.000  9.08430E-01  9.05461E-01  3.27319E-03
    8807.869    453.851  11.050  8.87895E-01  9.04293E-01 -1.80990E-02
    8812.089    458.071  11.100  8.74356E-01  9.03124E-01 -3.17940E-02
    8816.327    462.310  11.150  8.69325E-01  9.01956E-01 -3.61067E-02
    8820.585    466.567  11.200  8.72559E-01  9.00787E-01 -3.12743E-02
    8824.862    470.844  11.250  8.82116E-01  8.99619E-01 -1.94159E-02
    8829.157    475.140  11.300  8.94767E-01  8.98450E-01 -4.09143E-03
    8833.472    479.455  11.350  9.06664E-01  8.97282E-01  1.04330E-02
    8837.806    483.788  11.400  9.14138E-01  8.96114E-01  2.00699E-02
    8842.159    488.141  11.450  9.14469E-01  8.94945E-01  2.17667E-02
    8846.531    492.513  11.500  9.06464E-01  8.93777E-01  1.41628E-02
    8850.922    496.904  11.550  8.90740E-01  8.92608E-01 -2.08860E-03
    8855.332    501.314  11.600  8.69636E-01  8.91440E-01 -2.43996E-02
    8859.761    505.743  11.650  8.46793E-01  8.90271E-01 -4.87167E-02
    8864.209    510.192  11.700  8.26451E-01  8.89103E-01 -7.02886E-02
    8868.676    514.659  11.750  8.12635E-01  8.87935E-01 -8.45846E-02
    8873.163    519.145  11.800  8.08363E-01  8.86766E-01 -8.81817E-02
    8877.668    523.650  11.850  8.15048E-01  8.85598E-01 -7.94500E-02
    8882.192    528.175  11.900  8.32194E-01  8.84429E-01 -5.88995E-02
    8886.736    532.718  11.950  8.57464E-01  8.83261E-01 -2.91244E-02
    8891.298    537.281  12.000  8.87086E-01  8.82092E-01  5.64481E-03
    8895.880    541.862  12.050  9.16751E-01  8.80935E-01  4.05401E-02
    8900.480    546.463  12.100  9.41950E-01  8.79778E-01  7.04635E-02
    8905.100    551.082  12.150  9.58911E-01  8.78620E-01  9.11151E-02
    8909.738    555.721  12.200  9.65265E-01  8.77463E-01  9.97688E-02
    8914.396    560.379  12.250  9.60425E-01  8.76306E-01  9.57080E-02
    8919.073    565.055  12.300  9.45622E-01  8.75149E-01  8.02862E-02
    8923.769    569.751  12.350  9.23619E-01  8.73991E-01  5.66111E-02
    8928.484    574.466  12.400  8.98154E-01  8.72834E-01  2.89209E-02
    8933.217    579.200  12.450  8.73233E-01  8.71677E-01  1.78031E-03
    8937.970    583.953  12.500  8.52403E-01  8.70519E-01 -2.07463E-02
    8942.742    588.725  12.550  8.38152E-01  8.69362E-01 -3.57875E-02
    8947.533    593.516  12.600  8.31539E-01  8.68205E-01 -4.20979E-02
    8952.344    598.326  12.650  8.32115E-01  8.67047E-01 -4.01609E-02
    8957.173    603.155  12.700  8.38131E-01  8.65890E-01 -3.19557E-02
    8962.021    608.003  12.750  8.46990E-01  8.64733E-01 -2.04518E-02
    8966.888    612.871  12.800  8.55828E-01  8.63576E-01 -8.94172E-03
    8971.774    617.757  12.850  8.62114E-01  8.62418E-01 -3.51257E-04
    8976.680    622.662  12.900  8.64143E-01  8.61261E-01  3.33526E-03
    8981.604    627.587  12.950  8.61334E-01  8.60104E-01  1.42623E-03
    8986.548    632.530  13.000  8.54285E-01  8.58946E-01 -5.40841E-03
    8991.510    637.493  13.050  8.44401E-01  8.57689E-01 -1.54412E-02
    8996.492    642.474  13.100  8.34026E-01  8.56432E-01 -2.60747E-02
    9001.492    647.475  13.150  8.25481E-01  8.55174E-01 -3.46065E-02
    9006.512    652.494  13.200  8.20715E-01  8.53917E-01 -3.87532E-02
    9011.551    657.533  13.250  8.20901E-01  8.52660E-01 -3.71231E-02
    9016.608    662.591  13.300  8.26211E-01  8.51402E-01 -2.94899E-02
    9021.685    667.668  13.350  8.35800E-01  8.50145E-01 -1.68179E-02
    9026.781    672.764  13.400  8.47998E-01  8.48888E-01 -1.04446E-03
    9031.896    677.878  13.450  8.60665E-01  8.47630E-01  1.53276E-02
    9037.030    683.012  13.500  8.71621E-01  8.46373E-01  2.97341E-02
    9042.183    688.165  13.550  8.79070E-01  8.45116E-01  4.00462E-02
    9047.355    693.337  13.600  8.81918E-01  8.43858E-01  4.49560E-02
    9052.546    698.529  13.650  8.79948E-01  8.42601E-01  4.41805E-02
    9057.756    703.739  13.700  8.73797E-01  8.41344E-01  3.84487E-02
    9062.985    708.968  13.750  8.64769E-01  8.40086E-01  2.92873E-02
    9068.234    714.216  13.800  8.54531E-01  8.38829E-01  1.86591E-02
    9073.501    719.483  13.850  8.44745E-01  8.37572E-01  8.53740E-03
    9078.787    724.770  13.900  8.36740E-01  8.36314E-01  5.07686E-04
    9084.093    730.075  13.950  8.31270E-01  8.35057E-01 -4.52005E-03
    9089.417    735.400  14.000  8.28417E-01  8.33800E-01 -6.43543E-03
    9094.761    740.743  14.050  8.27607E-01  8.32505E-01 -5.86488E-03
    9100.123    746.106  14.100  8.27895E-01  8.31211E-01 -3.97616E-03
    9105.505    751.487  14.150  8.28117E-01  8.29916E-01 -2.16103E-03
    9110.905    756.888  14.200  8.27229E-01  8.28622E-01 -1.67538E-03
    9116.325    762.308  14.250  8.24564E-01  8.27327E-01 -3.33006E-03
    9121.764    767.746  14.300  8.19987E-01  8.26033E-01 -7.29700E-03
    9127.222    773.204  14.350  8.13926E-01  8.24739E-01 -1.30704E-02
    9132.699    778.681  14.400  8.07267E-01  8.23444E-01 -1.95868E-02
    9138.194    784.177  14.450  8.01144E-01  8.22150E-01 -2.54731E-02
    9143.709    789.692  14.500  7.96680E-01  8.20855E-01 -2.93630E-02
    9149.243    795.226  14.550  7.94728E-01  8.19561E-01 -3.02095E-02
    9154.796    800.779  14.600  7.95678E-01  8.18266E-01 -2.75236E-02
    9160.369    806.351  14.650  7.99366E-01  8.16972E-01 -2.14870E-02
    9165.960    811.942  14.700  8.05111E-01  8.15678E-01 -1.29164E-02
    9171.570    817.552  14.750  8.11859E-01  8.14383E-01 -3.09038E-03
    9177.199    823.182  14.800  8.18406E-01  8.13089E-01  6.52082E-03
    9182.847    828.830  14.850  8.23648E-01  8.11794E-01  1.45595E-02
    9188.515    834.497  14.900  8.26799E-01  8.10500E-01  2.00517E-02
    9194.201    840.184  14.950  8.27534E-01  8.09205E-01  2.25853E-02
    9199.907    845.889  15.000  8.26026E-01  8.07911E-01  2.23585E-02
    9205.631    851.614  15.050  8.22916E-01  8.06602E-01  2.01686E-02
    9211.375    857.357  15.100  8.18960E-01  8.05293E-01  1.69246E-02
    9217.137    863.120  15.150  8.15043E-01  8.03983E-01  1.37180E-02
    9222.919    868.901  15.200  8.11883E-01  8.02674E-01  1.14412E-02
    9228.720    874.702  15.250  8.09856E-01  8.01365E-01  1.05675E-02
    9234.539    880.522  15.300  8.08909E-01  8.00056E-01  1.10369E-02
    9240.378    886.361  15.350  8.08577E-01  7.98746E-01  1.22746E-02
    9246.236    892.218  15.400  8.08101E-01  7.97437E-01  1.33376E-02
    9252.113    898.095  15.450  8.06631E-01  7.96128E-01  1.31581E-02
    9258.009    903.991  15.500  8.03447E-01  7.94819E-01  1.08278E-02
    9263.924    909.906  15.550  7.98169E-01  7.93510E-01  5.85713E-03
    9269.858    915.840  15.600  7.90889E-01  7.92200E-01 -1.65086E-03
    9275.811    921.793  15.650  7.82204E-01  7.90891E-01 -1.09565E-02
    9281.783    927.766  15.700  7.73132E-01  7.89582E-01 -2.07831E-02
    9287.774    933.757  15.750  7.64927E-01  7.88273E-01 -2.95444E-02
    9293.785    939.767  15.800  7.58837E-01  7.86963E-01 -3.56547E-02
    9299.814    945.796  15.850  7.55842E-01  7.85654E-01 -3.78562E-02
    9305.862    951.845  15.900  7.56439E-01  7.84345E-01 -3.54956E-02
    9311.930    957.912  15.950  7.60521E-01  7.83036E-01 -2.86872E-02
    9318.016    963.999  16.000  7.67367E-01  7.81727E-01 -1.83269E-02
    9324.122    970.104  16.050  7.75687E-01  7.80362E-01 -5.97773E-03
    9330.246    976.229  16.100  7.84095E-01  7.78998E-01  6.52877E-03
    9336.390    982.372  16.150  7.91107E-01  7.77633E-01  1.72897E-02
    9342.552    988.535  16.200  7.95509E-01  7.76269E-01  2.47324E-02
    9348.734    994.717  16.250  7.96574E-01  7.74905E-01  2.79054E-02
    9354.935   1000.917  16.300  7.94197E-01  7.73540E-01  2.66493E-02
    9361.155   1007.137  16.350  7.88898E-01  7.72176E-01  2.16128E-02
    9367.393   1013.376  16.400  7.81709E-01  7.70812E-01  1.41096E-02
    9373.651   1019.634  16.450  7.73955E-01  7.69447E-01  5.84736E-03
    9379.928   1025.911  16.500  7.66992E-01  7.68083E-01 -1.41812E-03
    9386.224   1032.207  16.550  7.61931E-01  7.66718E-01 -6.23301E-03
    9392.539   1038.522  16.600  7.59428E-01  7.65354E-01 -7.72932E-03
    9398.873   1044.856  16.650  7.59561E-01  7.63990E-01 -5.78657E-03
    9405.227   1051.209  16.700  7.61831E-01  7.62625E-01 -1.03998E-03
    9411.599   1057.581  16.750  7.65275E-01  7.61261E-01  5.26458E-03
    9417.990   1063.972  16.800  7.68678E-01  7.59897E-01  1.15376E-02
    9424.400   1070.383  16.850  7.70824E-01  7.58532E-01  1.61791E-02
    9430.830   1076.812  16.900  7.70750E-01  7.57168E-01  1.79106E-02
    9437.278   1083.261  16.950  7.67943E-01  7.55804E-01  1.60381E-02
    9443.746   1089.728  17.000  7.62444E-01  7.54439E-01  1.05944E-02
    9450.232   1096.214  17.050  7.54828E-01  7.53085E-01  2.31068E-03
    9456.738   1102.720  17.100  7.46110E-01  7.51732E-01 -7.46827E-03
    9463.262   1109.245  17.150  7.37534E-01  7.50378E-01 -1.70924E-02
    9469.806   1115.788  17.200  7.30336E-01  7.49024E-01 -2.49166E-02
    9476.369   1122.351  17.250  7.25500E-01  7.47671E-01 -2.96134E-02
    9482.950   1128.933  17.300  7.23586E-01  7.46317E-01 -3.04168E-02
    9489.551   1135.533  17.350  7.24636E-01  7.44963E-01 -2.72509E-02
    9496.171   1142.153  17.400  7.28181E-01  7.43609E-01 -2.07223E-02
    9502.810   1148.792  17.450  7.33351E-01  7.42256E-01 -1.19819E-02
    9509.468   1155.450  17.500  7.39056E-01  7.40902E-01 -2.48839E-03
    9516.145   1162.127  17.550  7.44194E-01  7.39548E-01  6.27497E-03
    9522.841   1168.823  17.600  7.47857E-01  7.38194E-01  1.30745E-02
    9529.556   1175.538  17.650  7.49481E-01  7.36841E-01  1.71355E-02
    9536.290   1182.272  17.700  7.48924E-01  7.35487E-01  1.82499E-02
    9543.043   1189.026  17.750  7.46455E-01  7.34133E-01  1.67663E-02
    9549.815   1195.798  17.800  7.42661E-01  7.32780E-01  1.34706E-02
    9556.607   1202.589  17.850  7.38300E-01  7.31426E-01  9.38848E-03
    9563.417   1209.400  17.900  7.34131E-01  7.30072E-01  5.55369E-03
    9570.246   1216.229  17.950  7.30755E-01  7.28718E-01  2.79242E-03
    9577.095   1223.077  18.000  7.28505E-01  7.27365E-01  1.56652E-03
    9583.962   1229.945  18.050  7.27384E-01  7.25982E-01  1.92891E-03
    9590.849   1236.831  18.100  7.27130E-01  7.24600E-01  3.48900E-03
    9597.755   1243.737  18.150  7.27246E-01  7.23217E-01  5.56542E-03
    9604.679   1250.662  18.200  7.27146E-01  7.21835E-01  7.35246E-03
    9611.623   1257.605  18.250  7.26302E-01  7.20453E-01  8.11237E-03
    9618.586   1264.568  18.300  7.24355E-01  7.19070E-01  7.34372E-03
    9625.567   1271.550  18.350  7.21200E-01  7.17688E-01  4.89078E-03
    9632.568   1278.551  18.400  7.17003E-01  7.16306E-01  9.73630E-04
    9639.588   1285.571  18.450  7.12159E-01  7.14923E-01 -3.86371E-03
    9646.627   1292.610  18.500  7.07207E-01  7.13541E-01 -8.87171E-03
    9653.685   1299.668  18.550  7.02716E-01  7.12158E-01 -1.32518E-02
    9660.762   1306.745  18.600  6.99174E-01  7.10776E-01 -1.63157E-02
    9667.858   1313.841  18.650  6.96893E-01  7.09394E-01 -1.76140E-02
    9674.973   1320.956  18.700  6.95964E-01  7.08011E-01 -1.70086E-02
    9682.108   1328.090  18.750  6.96254E-01  7.06629E-01 -1.46775E-02
    9689.261   1335.243  18.800  6.97446E-01  7.05246E-01 -1.10567E-02
    9696.433   1342.416  18.850  6.99123E-01  7.03864E-01 -6.73459E-03
    9703.624   1349.607  18.900  7.00847E-01  7.02482E-01 -2.32661E-03
    9710.835   1356.817  18.950  7.02250E-01  7.01099E-01  1.64141E-03
    9718.064   1364.047  19.000  7.03088E-01  6.99717E-01  4.81742E-03
    9725.313   1371.295  19.050  7.03278E-01  6.98341E-01  7.06819E-03
    9732.580   1378.563  19.100  7.02838E-01  6.96966E-01  8.42501E-03
    9739.867   1385.849  19.150  7.01908E-01  6.95590E-01  9.08215E-03
    9747.173   1393.155  19.200  7.00665E-01  6.94215E-01  9.29272E-03
    9754.497   1400.480  19.250  6.99269E-01  6.92839E-01  9.28171E-03
    9761.841   1407.823  19.300  6.97810E-01  6.91464E-01  9.17925E-03
    9769.204   1415.186  19.350  6.96291E-01  6.90088E-01  8.99028E-03
    9776.586   1422.568  19.400  6.94639E-01  6.88712E-01  8.60668E-03
    9783.986   1429.969  19.450  6.92735E-01  6.87337E-01  7.85652E-03
    9791.406   1437.389  19.500  6.90470E-01  6.85961E-01  6.57529E-03
    9798.845   1444.828  19.550  6.87788E-01  6.84586E-01  4.67871E-03
    9806.303   1452.286  19.600  6.84723E-01  6.83210E-01  2.21583E-03
    9813.781   1459.763  19.650  6.81417E-01  6.81835E-01 -6.13083E-04
    9821.277   1467.259  19.700  6.78092E-01  6.80459E-01 -3.48086E-03
    9828.792   1474.774  19.750  6.75014E-01  6.79083E-01 -5.99552E-03
    9836.326   1482.309  19.800  6.72434E-01  6.77708E-01 -7.78603E-03
    9843.879   1489.862  19.850  6.70526E-01  6.76332E-01 -8.59078E-03
    9851.452   1497.434  19.900  6.69341E-01  6.74957E-01 -8.32633E-03
    9859.043   1505.026  19.950  6.68790E-01  6.73581E-01 -7.11812E-03
    9866.654   1512.636  20.000  6.68657E-01  6.72206E-01 -5.28311E-03
