ATOMS
   *       x         y         z    ipot  Atom      Distance    Number
************  ********  ********  ******  ******  **********  ********
 0             0         0             0  Cu         0               0
-1.78872      -1.78872   0             1  Cu         2.52963         7
-1.78872       0        -1.78872       1  Cu         2.52963         9
-1.78872       0         1.78872       1  Cu         2.52963        14
-1.78872       1.78872   0             1  Cu         2.52963        16
 1.09527e-16  -1.78872  -1.78872       1  Cu         2.52963        18
 0            -1.78872   1.78872       1  Cu         2.52963        23
 1.78872      -1.78872   0             1  Cu         2.52963        26
 0             1.78872  -1.78872       1  Cu         2.52963        29
 1.78872       0        -1.78872       1  Cu         2.52963        30
-1.09527e-16   1.78872   1.78872       1  Cu         2.52963        35
 1.78872       0         1.78872       1  Cu         2.52963        36
 1.78872       1.78872   0             1  Cu         2.52963        39
-3.57743       0         0             1  Cu         3.57743        12
 1.09527e-16  -3.57743   0             1  Cu         3.57743        22
 1.09527e-16   0        -3.57743       1  Cu         3.57743        28
-1.09527e-16   0         3.57743       1  Cu         3.57743        34
-1.09527e-16   3.57743   0             1  Cu         3.57743        38
 3.57743       0         0             1  Cu         3.57743        41
-3.57743      -1.78872  -1.78872       1  Cu         4.38144         1
-1.78872      -3.57743  -1.78872       1  Cu         4.38144         2
-1.78872      -1.78872  -3.57743       1  Cu         4.38144         3
-3.57743      -1.78872   1.78872       1  Cu         4.38144         4
-1.78872      -3.57743   1.78872       1  Cu         4.38144         5
-1.78872      -1.78872   3.57743       1  Cu         4.38144         6
-3.57743       1.78872  -1.78872       1  Cu         4.38144         8
-1.78872       1.78872  -3.57743       1  Cu         4.38144        10
-1.78872       3.57743  -1.78872       1  Cu         4.38144        11
-3.57743       1.78872   1.78872       1  Cu         4.38144        13
-1.78872       1.78872   3.57743       1  Cu         4.38144        15
-1.78872       3.57743   1.78872       1  Cu         4.38144        17
 1.78872      -3.57743  -1.78872       1  Cu         4.38144        19
 1.78872      -1.78872  -3.57743       1  Cu         4.38144        20
 3.57743      -1.78872  -1.78872       1  Cu         4.38144        21
 1.78872      -3.57743   1.78872       1  Cu         4.38144        24
 1.78872      -1.78872   3.57743       1  Cu         4.38144        25
 3.57743      -1.78872   1.78872       1  Cu         4.38144        27
 1.78872       1.78872  -3.57743       1  Cu         4.38144        31
 1.78872       3.57743  -1.78872       1  Cu         4.38144        32
 3.57743       1.78872  -1.78872       1  Cu         4.38144        33
 1.78872       1.78872   3.57743       1  Cu         4.38144        37
 1.78872       3.57743   1.78872       1  Cu         4.38144        40
 3.57743       1.78872   1.78872       1  Cu         4.38144        42
END
