# comment: None given                          Feff8L (EXAFS)       0.1      
# Source:
# Structure Summary:  Cu1
# Reduced formula:  Cu
# space group: (Fm-3m), space number:  (225)
# abc:  2.529625   2.529625   2.529625
# angles: 60.000000  60.000000  60.000000
# sites: 1
# POT  Non-SCF, core-hole, AFOLP (folp(0)= 1.150)
# Abs   Z=29 Rmt= 1.433 Rnm= 1.488 K  shell
# Pot 1 Z=29 Rmt= 1.359 Rnm= 1.402
# Gam_ch=1.729E+00 H-L exch
# Mu=-3.472E+00 kf=1.806E+00 Vint=-1.591E+01 Rs_int= 2.008
# PATH  Rmax= 4.425,  Keep_limit= 0.00, Heap_limit 0.00  Pwcrit= 2.50%
#  S02=1.000                                        Global_sig2= 0.00000
#  Curved wave amplitude ratio filter   4.000%
#     file         sig2 tot  cw amp ratio   deg  nlegs   reff  inp sig2
#           1       0.00000    100.00     12.00     2   2.5296
#           2       0.00000     23.24      6.00     2   3.5774
#           3       0.00000     12.39     48.00     3   3.7944
#           4       0.00000      9.23     48.00     3   4.3183
#           5       0.00000     56.14     24.00     2   4.3814
#     5/   5 paths used
#  -----------------------------------------------------------------------
#       k          chi          mag           phase @#
     0.0000   -8.496816E-01  8.497103E-01 -1.579007E+00
     0.0500   -8.489418E-01  8.489435E-01 -1.568847E+00
     0.1000   -8.480919E-01  8.481541E-01 -1.558690E+00
     0.1500   -8.449927E-01  8.457425E-01 -1.528687E+00
     0.2000   -8.409510E-01  8.431409E-01 -1.498707E+00
     0.2500   -8.325143E-01  8.386075E-01 -1.450176E+00
     0.3000   -8.217198E-01  8.336085E-01 -1.401706E+00
     0.3500   -8.037998E-01  8.263745E-01 -1.336519E+00
     0.4000   -7.819815E-01  8.183779E-01 -1.271439E+00
     0.4500   -7.505974E-01  8.079790E-01 -1.191651E+00
     0.5000   -7.142046E-01  7.965720E-01 -1.112026E+00
     0.5500   -6.668242E-01  7.827751E-01 -1.019549E+00
     0.6000   -6.142514E-01  7.678138E-01 -9.272961E-01
     0.6500   -5.507256E-01  7.505744E-01 -8.238085E-01
     0.7000   -4.830811E-01  7.321064E-01 -7.206204E-01
     0.7500   -4.061079E-01  7.115172E-01 -6.074350E-01
     0.8000   -3.274228E-01  6.897146E-01 -4.946482E-01
     0.8500   -2.425961E-01  6.659208E-01 -3.728830E-01
     0.9000   -1.596159E-01  6.409933E-01 -2.516614E-01
     0.9500   -7.497227E-02  6.141820E-01 -1.223737E-01
     1.0000    3.601999E-03  5.863726E-01  6.142889E-03
     1.0500    7.866147E-02  5.567826E-01  1.417529E-01
     1.1000    1.435527E-01  5.263850E-01  2.762131E-01
     1.1500    2.001029E-01  4.944462E-01  4.166519E-01
     1.2000    2.435345E-01  4.619448E-01  5.552951E-01
     1.2500    2.753081E-01  4.282279E-01  6.982798E-01
     1.3000    2.931286E-01  3.942583E-01  8.382798E-01
     1.3500    2.986910E-01  3.596226E-01  9.801266E-01
     1.4000    2.921814E-01  3.251359E-01  1.116668E+00
     1.4500    2.760505E-01  2.908102E-01  1.250831E+00
     1.5000    2.523046E-01  2.572256E-01  1.374877E+00
     1.5500    2.243209E-01  2.250794E-01  1.488677E+00
     1.6000    1.947557E-01  1.947688E-01  1.582393E+00
     1.6500    1.670136E-01  1.675572E-01  1.651371E+00
     1.7000    1.435082E-01  1.444354E-01  1.684167E+00
     1.7500    1.267102E-01  1.274300E-01  1.677130E+00
     1.8000    1.172755E-01  1.175502E-01  1.639174E+00
     1.8500    1.159326E-01  1.159711E-01  1.596573E+00
     1.9000    1.206762E-01  1.206871E-01  1.584265E+00
     1.9500    1.303402E-01  1.305117E-01  1.622056E+00
     2.0000    1.406275E-01  1.419497E-01  1.707392E+00
     2.0500    1.501713E-01  1.554676E-01  1.832568E+00
     2.1000    1.526324E-01  1.674520E-01  1.994679E+00
     2.1500    1.446713E-01  1.767090E-01  2.182452E+00
     2.2000    1.248792E-01  1.825642E-01  2.388321E+00
     2.2500    9.189956E-02  1.834131E-01  2.616778E+00
     2.3000    5.153562E-02  1.803539E-01  2.851807E+00
     2.3500    8.393117E-03  1.735322E-01  3.093207E+00
     2.4000   -3.240661E-02  1.631573E-01  3.341544E+00
     2.4500   -6.345017E-02  1.573480E-01  3.556655E+00
     2.5000   -8.890794E-02  1.503570E-01  3.774278E+00
     2.5500   -1.071320E-01  1.422459E-01  3.994425E+00
     2.6000   -1.171022E-01  1.330865E-01  4.217235E+00
     2.6500   -1.226506E-01  1.265776E-01  4.462646E+00
     2.7000   -1.193983E-01  1.193984E-01  4.711412E+00
     2.7500   -1.080954E-01  1.116097E-01  4.964001E+00
     2.8000   -9.020075E-02  1.032805E-01  5.221132E+00
     2.8500   -6.861884E-02  9.865194E-02  5.513979E+00
     2.9000   -4.274874E-02  9.374647E-02  5.809686E+00
     2.9500   -1.538463E-02  8.860927E-02  6.108678E+00
     3.0000    1.065762E-02  8.328882E-02  6.411497E+00
     3.0500    3.583902E-02  8.197714E-02  6.735650E+00
     3.1000    5.631384E-02  8.045201E-02  7.058538E+00
     3.1500    7.004794E-02  7.871619E-02  7.380267E+00
     3.2000    7.587838E-02  7.677590E-02  7.700927E+00
     3.2500    7.737546E-02  7.834945E-02  8.011824E+00
     3.3000    7.107893E-02  7.952382E-02  8.319015E+00
     3.3500    5.772722E-02  8.030749E-02  8.622664E+00
     3.4000    3.883302E-02  8.071531E-02  8.922856E+00
     3.4500    1.798302E-02  8.221971E-02  9.204276E+00
     3.5000   -4.752203E-03  8.316188E-02  9.481953E+00
     3.5500   -2.713403E-02  8.356849E-02  9.755464E+00
     3.6000   -4.710252E-02  8.347707E-02  1.002431E+01
     3.6500   -6.261222E-02  8.304351E-02  1.027886E+01
     3.7000   -7.315487E-02  8.194293E-02  1.052820E+01
     3.7500   -7.821813E-02  8.023255E-02  1.077102E+01
     3.8000   -7.799228E-02  7.799633E-02  1.100576E+01
     3.8500   -7.318498E-02  7.527652E-02  1.123185E+01
     3.9000   -6.485922E-02  7.209236E-02  1.144736E+01
     3.9500   -5.445420E-02  6.860708E-02  1.164949E+01
     4.0000   -4.343652E-02  6.504334E-02  1.183511E+01
     4.0500   -3.239960E-02  6.122690E-02  1.200875E+01
     4.1000   -2.279085E-02  5.776345E-02  1.216079E+01
     4.1500   -1.503498E-02  5.504286E-02  1.228970E+01
     4.2000   -8.973468E-03  5.349051E-02  1.239782E+01
     4.2500   -3.697664E-03  5.279325E-02  1.249627E+01
     4.3000    1.243170E-03  5.373324E-02  1.258951E+01
     4.3500    6.955425E-03  5.636460E-02  1.269009E+01
     4.4000    1.447794E-02  6.053062E-02  1.280790E+01
     4.4500    2.409083E-02  6.540144E-02  1.294361E+01
     4.5000    3.622229E-02  7.121326E-02  1.309998E+01
     4.5500    5.055853E-02  7.764912E-02  1.327542E+01
     4.6000    6.616815E-02  8.442139E-02  1.346711E+01
     4.6500    8.110454E-02  9.081885E-02  1.367042E+01
     4.7000    9.403859E-02  9.712995E-02  1.388420E+01
     4.7500    1.031279E-01  1.031774E-01  1.410619E+01
     4.8000    1.066992E-01  1.088107E-01  1.433449E+01
     4.8500    1.034443E-01  1.136886E-01  1.456494E+01
     4.9000    9.306489E-02  1.179604E-01  1.479886E+01
     4.9500    7.575080E-02  1.215416E-01  1.503507E+01
     5.0000    5.246455E-02  1.243674E-01  1.527248E+01
     5.0500    2.496716E-02  1.262449E-01  1.550888E+01
     5.1000   -4.674791E-03  1.273308E-01  1.574469E+01
     5.1500   -3.415635E-02  1.276236E-01  1.597890E+01
     5.2000   -6.124073E-02  1.271466E-01  1.621050E+01
     5.2500   -8.393915E-02  1.257177E-01  1.643905E+01
     5.3000   -1.009616E-01  1.236849E-01  1.666291E+01
     5.3500   -1.116973E-01  1.211625E-01  1.688087E+01
     5.4000   -1.162377E-01  1.183015E-01  1.709170E+01
     5.4500   -1.151726E-01  1.151868E-01  1.729449E+01
     5.5000   -1.097258E-01  1.121746E-01  1.748809E+01
     5.5500   -1.011708E-01  1.095294E-01  1.767196E+01
     5.6000   -9.068102E-02  1.075409E-01  1.784630E+01
     5.6500   -7.889207E-02  1.063273E-01  1.801355E+01
     5.7000   -6.639497E-02  1.063242E-01  1.817512E+01
     5.7500   -5.305593E-02  1.077164E-01  1.833454E+01
     5.8000   -3.830972E-02  1.105905E-01  1.849581E+01
     5.8500   -2.122049E-02  1.147396E-01  1.866354E+01
     5.9000   -1.150264E-03  1.202085E-01  1.883999E+01
     5.9500    2.235982E-02  1.267893E-01  1.902684E+01
     6.0000    4.917823E-02  1.342345E-01  1.922465E+01
     6.0500    7.846367E-02  1.419459E-01  1.943524E+01
     6.1000    1.082406E-01  1.499615E-01  1.965594E+01
     6.1500    1.359778E-01  1.580358E-01  1.988566E+01
     6.2000    1.586769E-01  1.659472E-01  2.012325E+01
     6.2500    1.732570E-01  1.734980E-01  2.036764E+01
     6.3000    1.770052E-01  1.805135E-01  2.061783E+01
     6.3500    1.680279E-01  1.868403E-01  2.087295E+01
     6.4000    1.456275E-01  1.923440E-01  2.113226E+01
     6.4500    1.105428E-01  1.969086E-01  2.139508E+01
     6.5000    6.500286E-02  2.004346E-01  2.166087E+01
     6.5500    1.192567E-02  2.022846E-01  2.193216E+01
     6.6000   -4.316780E-02  2.029128E-01  2.220553E+01
     6.6500   -9.509195E-02  2.022788E-01  2.248056E+01
     6.7000   -1.388587E-01  2.003580E-01  2.275686E+01
     6.7500   -1.703075E-01  1.971405E-01  2.303409E+01
     6.8000   -1.866393E-01  1.926314E-01  2.331187E+01
     6.8500   -1.867769E-01  1.868496E-01  2.358983E+01
     6.9000   -1.714948E-01  1.798281E-01  2.386757E+01
     6.9500   -1.432969E-01  1.716133E-01  2.414461E+01
     7.0000   -1.060592E-01  1.622653E-01  2.442039E+01
     7.0500   -6.412230E-02  1.516412E-01  2.469615E+01
     7.1000   -2.284658E-02  1.400723E-01  2.496890E+01
     7.1500    1.332210E-02  1.276718E-01  2.523728E+01
     7.2000    4.105692E-02  1.145723E-01  2.549924E+01
     7.2500    5.855604E-02  1.009332E-01  2.575165E+01
     7.3000    6.570781E-02  8.695682E-02  2.598937E+01
     7.3500    6.399397E-02  7.292262E-02  2.620349E+01
     7.4000    5.615042E-02  5.926877E-02  2.637771E+01
     7.4500    4.564201E-02  4.679021E-02  2.648155E+01
     7.5000    3.603667E-02  3.707728E-02  2.646606E+01
     7.5500    3.041553E-02  3.288328E-02  2.631366E+01
     7.6000    3.076186E-02  3.609144E-02  2.615317E+01
     7.6500    3.763568E-02  4.489360E-02  2.612695E+01
     7.7000    5.006634E-02  5.640803E-02  2.622479E+01
     7.7500    6.571267E-02  6.892446E-02  2.639706E+01
     7.8000    8.125733E-02  8.160189E-02  2.661161E+01
     7.8500    9.297110E-02  9.399388E-02  2.685119E+01
     7.9000    9.735619E-02  1.058299E-01  2.710643E+01
     7.9500    9.176497E-02  1.169261E-01  2.737194E+01
     8.0000    7.489476E-02  1.271464E-01  2.764446E+01
     8.0500    4.687762E-02  1.362358E-01  2.792306E+01
     8.1000    9.959761E-03  1.442344E-01  2.820523E+01
     8.1500   -3.232317E-02  1.510795E-01  2.848995E+01
     8.2000   -7.543468E-02  1.567246E-01  2.877649E+01
     8.2500   -1.144605E-01  1.611377E-01  2.906430E+01
     8.3000   -1.447953E-01  1.643009E-01  2.935290E+01
     8.3500   -1.627893E-01  1.662092E-01  2.964192E+01
     8.4000   -1.662556E-01  1.668707E-01  2.993101E+01
     8.4500   -1.547655E-01  1.663056E-01  3.021985E+01
     8.5000   -1.296891E-01  1.645464E-01  3.050811E+01
     8.5500   -9.378879E-02  1.615432E-01  3.079649E+01
     8.6000   -5.137362E-02  1.574432E-01  3.108354E+01
     8.6500   -7.169786E-03  1.523161E-01  3.136884E+01
     8.7000    3.418366E-02  1.462430E-01  3.165185E+01
     8.7500    6.874276E-02  1.393162E-01  3.193196E+01
     8.8000    9.373414E-02  1.316400E-01  3.220834E+01
     8.8500    1.078323E-01  1.233311E-01  3.247998E+01
     8.9000    1.112071E-01  1.145214E-01  3.274556E+01
     8.9500    1.053457E-01  1.053601E-01  3.300329E+01
     9.0000    9.269047E-02  9.601988E-02  3.325083E+01
     9.0500    7.613687E-02  8.670183E-02  3.348555E+01
     9.1000    5.859708E-02  7.766648E-02  3.370267E+01
     9.1500    4.246725E-02  6.922565E-02  3.389708E+01
     9.2000    2.930172E-02  6.176954E-02  3.406327E+01
     9.2500    1.965240E-02  5.576659E-02  3.419738E+01
     9.3000    1.310179E-02  5.170798E-02  3.430135E+01
     9.3500    8.472657E-03  4.995879E-02  3.438710E+01
     9.4000    4.168305E-03  5.056703E-02  3.447499E+01
     9.4500   -1.423711E-03  5.320232E-02  3.458428E+01
     9.5000   -9.540178E-03  5.730312E-02  3.472478E+01
     9.5500   -2.081397E-02  6.237691E-02  3.489772E+01
     9.6000   -3.490568E-02  6.784670E-02  3.509792E+01
     9.6500   -5.064613E-02  7.334363E-02  3.531974E+01
     9.7000   -6.616874E-02  7.860013E-02  3.555820E+01
     9.7500   -7.921546E-02  8.342369E-02  3.580934E+01
     9.8000   -8.752729E-02  8.767562E-02  3.607014E+01
     9.8500   -8.925062E-02  9.125624E-02  3.633836E+01
     9.9000   -8.328827E-02  9.409505E-02  3.661229E+01
     9.9500   -6.953370E-02  9.614418E-02  3.689065E+01
    10.0000   -4.894711E-02  9.737417E-02  3.717243E+01
    10.0500   -2.344746E-02  9.796499E-02  3.745742E+01
    10.1000    4.412625E-03  9.772010E-02  3.774428E+01
    10.1500    3.162129E-02  9.664629E-02  3.803244E+01
    10.2000    5.523216E-02  9.476091E-02  3.832135E+01
    10.2500    7.278622E-02  9.209091E-02  3.861053E+01
    10.3000    8.265668E-02  8.867221E-02  3.889945E+01
    10.3500    8.426228E-02  8.454905E-02  3.918752E+01
    10.4000    7.811658E-02  7.977360E-02  3.947408E+01
    10.4500    6.570792E-02  7.440578E-02  3.975827E+01
    10.5000    4.923275E-02  6.851342E-02  4.003894E+01
    10.5500    3.122830E-02  6.217313E-02  4.031447E+01
    10.6000    1.416634E-02  5.547242E-02  4.058247E+01
    10.6500    7.494494E-05  4.851445E-02  4.083916E+01
    10.7000   -9.750912E-03  4.142833E-02  4.107830E+01
    10.7500   -1.490499E-02  3.439246E-02  4.128894E+01
    10.8000   -1.586990E-02  2.768941E-02  4.145104E+01
    10.8500   -1.386622E-02  2.183493E-02  4.152877E+01
    10.9000   -1.058026E-02  1.780930E-02  4.147683E+01
    10.9500   -7.819787E-03  1.695200E-02  4.132015E+01
    11.0000   -7.158161E-03  1.955257E-02  4.121552E+01
    11.0500   -9.628711E-03  2.444748E-02  4.124552E+01
    11.1000   -1.561976E-02  3.037423E-02  4.138083E+01
    11.1500   -2.463666E-02  3.664247E-02  4.157809E+01
    11.2000   -3.540143E-02  4.290029E-02  4.181127E+01
    11.2500   -4.606090E-02  4.894941E-02  4.206625E+01
    11.3000   -5.450439E-02  5.466356E-02  4.233517E+01
    11.3500   -5.873628E-02  5.995424E-02  4.261341E+01
    11.4000   -5.723903E-02  6.475573E-02  4.289811E+01
    11.4500   -4.926392E-02  6.901803E-02  4.318741E+01
    11.5000   -3.499973E-02  7.270330E-02  4.348004E+01
    11.5500   -1.558999E-02  7.578393E-02  4.377510E+01
    11.6000    7.004124E-03  7.824138E-02  4.407194E+01
    11.6500    3.027298E-02  8.006543E-02  4.437004E+01
    11.7000    5.151564E-02  8.125353E-02  4.466903E+01
    11.7500    6.822736E-02  8.181032E-02  4.496856E+01
    11.8000    7.845588E-02  8.174706E-02  4.526837E+01
    11.8500    8.107190E-02  8.108116E-02  4.556821E+01
    11.9000    7.591361E-02  7.983566E-02  4.586784E+01
    11.9500    6.378688E-02  7.803869E-02  4.616705E+01
    12.0000    4.632544E-02  7.572296E-02  4.646559E+01
    12.0500    2.570289E-02  7.322394E-02  4.676523E+01
    12.1000    4.224639E-03  7.025621E-02  4.706372E+01
    12.1500   -1.568300E-02  6.685750E-02  4.736067E+01
    12.2000   -3.197649E-02  6.306964E-02  4.765559E+01
    12.2500   -4.325228E-02  5.893840E-02  4.794787E+01
    12.3000   -4.889485E-02  5.451356E-02  4.823667E+01
    12.3500   -4.909776E-02  4.984917E-02  4.852084E+01
    12.4000   -4.476082E-02  4.500433E-02  4.879876E+01
    12.4500   -3.728608E-02  4.004487E-02  4.906804E+01
    12.5000   -2.831068E-02  3.504673E-02  4.932508E+01
    12.5500   -1.942304E-02  3.010259E-02  4.956416E+01
    12.6000   -1.190948E-02  2.533540E-02  4.977611E+01
    12.6500   -6.571281E-03  2.092528E-02  4.994604E+01
    12.7000   -3.638425E-03  1.715891E-02  5.005182E+01
    12.7500   -2.789225E-03  1.448592E-02  5.007173E+01
    12.8000   -3.266564E-03  1.343593E-02  5.001990E+01
    12.8500   -4.065648E-03  1.418665E-02  4.997482E+01
    12.9000   -4.156979E-03  1.629363E-02  5.000750E+01
    12.9500   -2.703691E-03  1.911997E-02  5.012360E+01
    13.0000    7.650821E-04  2.220824E-02  5.029994E+01
    13.0500    6.310200E-03  2.539118E-02  5.051663E+01
    13.1000    1.345913E-02  2.843643E-02  5.075852E+01
    13.1500    2.133598E-02  3.125072E-02  5.101698E+01
    13.2000    2.879959E-02  3.377372E-02  5.128666E+01
    13.2500    3.464083E-02  3.596474E-02  5.156410E+01
    13.3000    3.779388E-02  3.779607E-02  5.184702E+01
    13.3500    3.752474E-02  3.924931E-02  5.213382E+01
    13.4000    3.356454E-02  4.031345E-02  5.242331E+01
    13.4500    2.616548E-02  4.098365E-02  5.271461E+01
    13.5000    1.607080E-02  4.126052E-02  5.300699E+01
    13.5500    4.404636E-03  4.114956E-02  5.329983E+01
    13.6000   -7.498362E-03  4.066091E-02  5.359255E+01
    13.6500   -1.829456E-02  3.980900E-02  5.388457E+01
    13.7000   -2.682994E-02  3.861244E-02  5.417529E+01
    13.7500   -3.230311E-02  3.709387E-02  5.446400E+01
    13.8000   -3.436690E-02  3.528005E-02  5.474986E+01
    13.8500   -3.315372E-02  3.320197E-02  5.503179E+01
    13.9000   -2.922312E-02  3.089535E-02  5.530839E+01
    13.9500   -2.344319E-02  2.840154E-02  5.557772E+01
    14.0000   -1.682843E-02  2.576928E-02  5.583707E+01
    14.0500   -1.037496E-02  2.313100E-02  5.608355E+01
    14.1000   -4.831795E-03  2.047580E-02  5.631045E+01
    14.1500   -6.995902E-04  1.790486E-02  5.650959E+01
    14.2000    1.883477E-03  1.556181E-02  5.667000E+01
    14.2500    3.132071E-03  1.365068E-02  5.678017E+01
    14.3000    3.538605E-03  1.243126E-02  5.683731E+01
    14.3500    3.748203E-03  1.213593E-02  5.686265E+01
    14.4000    4.407867E-03  1.281388E-02  5.689983E+01
    14.4500    6.018235E-03  1.428407E-02  5.698357E+01
    14.5000    8.815441E-03  1.627140E-02  5.712122E+01
    14.5500    1.270495E-02  1.853720E-02  5.730379E+01
    14.6000    1.725979E-02  2.091229E-02  5.751948E+01
    14.6500    2.178393E-02  2.328267E-02  5.775870E+01
    14.7000    2.543011E-02  2.557038E-02  5.801467E+01
    14.7500    2.735150E-02  2.772008E-02  5.828272E+01
    14.8000    2.686066E-02  2.969111E-02  5.855966E+01
    14.8500    2.356767E-02  3.145281E-02  5.884325E+01
    14.9000    1.747287E-02  3.298192E-02  5.913193E+01
    14.9500    8.997098E-03  3.426091E-02  5.942454E+01
    15.0000   -1.056941E-03  3.527704E-02  5.972023E+01
    15.0500   -1.168285E-02  3.611687E-02  6.001966E+01
    15.1000   -2.163547E-02  3.668599E-02  6.032101E+01
    15.1500   -2.972427E-02  3.698097E-02  6.062387E+01
    15.2000   -3.496711E-02  3.700143E-02  6.092792E+01
    15.2500   -3.673525E-02  3.674984E-02  6.123287E+01
    15.3000   -3.484594E-02  3.623140E-02  6.153849E+01
    15.3500   -2.958772E-02  3.545385E-02  6.184455E+01
    15.4000   -2.167483E-02  3.442731E-02  6.215084E+01
    15.4500   -1.213858E-02  3.316415E-02  6.245713E+01
    15.5000   -2.173298E-03  3.167878E-02  6.276319E+01
    15.5500    7.038137E-03  2.998753E-02  6.306877E+01
    15.6000    1.449165E-02  2.810845E-02  6.337352E+01
    15.6500    1.949615E-02  2.606117E-02  6.367704E+01
    15.7000    2.175448E-02  2.386673E-02  6.397876E+01
    15.7500    2.138014E-02  2.154754E-02  6.427791E+01
    15.8000    1.884955E-02  1.912740E-02  6.457330E+01
    15.8500    1.489980E-02  1.663164E-02  6.486306E+01
    15.9000    1.039075E-02  1.408793E-02  6.514399E+01
    15.9500    6.155209E-03  1.152814E-02  6.541020E+01
    16.0000    2.862439E-03  8.993682E-03  6.564954E+01
    16.0500    9.071827E-04  6.590176E-03  6.583535E+01
    16.1000    3.764645E-04  4.427753E-03  6.588832E+01
    16.1500    1.060485E-03  3.025523E-03  6.561533E+01
    16.2000    2.497711E-03  3.377016E-03  6.514094E+01
    16.2500    4.075023E-03  5.030591E-03  6.502921E+01
    16.3000    5.151886E-03  7.034612E-03  6.515166E+01
    16.3500    5.186364E-03  9.071852E-03  6.536487E+01
    16.4000    3.841044E-03  1.104093E-02  6.561812E+01
    16.4500    1.050868E-03  1.289666E-02  6.589187E+01
    16.5000   -2.958236E-03  1.461278E-02  6.617730E+01
    16.5500   -7.702426E-03  1.617137E-02  6.646989E+01
    16.6000   -1.251833E-02  1.755924E-02  6.676710E+01
    16.6500   -1.667283E-02  1.876650E-02  6.706737E+01
    16.7000   -1.948521E-02  1.978588E-02  6.736969E+01
    16.7500   -2.044093E-02  2.061245E-02  6.767334E+01
    16.8000   -1.927803E-02  2.124342E-02  6.797779E+01
    16.8500   -1.603222E-02  2.167807E-02  6.828262E+01
    16.9000   -1.103371E-02  2.191761E-02  6.858749E+01
    16.9500   -4.857272E-03  2.196518E-02  6.889206E+01
    17.0000    1.765569E-03  2.182577E-02  6.919602E+01
    17.0500    8.112954E-03  2.155903E-02  6.950085E+01
    17.1000    1.343190E-02  2.112163E-02  6.980425E+01
    17.1500    1.716577E-02  2.052244E-02  7.010579E+01
    17.2000    1.899716E-02  1.977202E-02  7.040495E+01
    17.2500    1.888047E-02  1.888267E-02  7.070107E+01
    17.3000    1.703044E-02  1.786853E-02  7.099332E+01
    17.3500    1.387029E-02  1.674577E-02  7.128059E+01
    17.4000    9.949982E-03  1.553294E-02  7.156139E+01
    17.4500    5.849670E-03  1.425156E-02  7.183367E+01
    17.5000    2.085265E-03  1.292722E-02  7.209462E+01
    17.5500   -9.678911E-04  1.159128E-02  7.234023E+01
    17.6000   -3.121128E-03  1.028385E-02  7.256499E+01
    17.6500   -4.381912E-03  9.058125E-03  7.276157E+01
    17.7000   -4.926970E-03  7.985879E-03  7.292151E+01
    17.7500   -5.045783E-03  7.159799E-03  7.303869E+01
    17.8000   -5.066229E-03  6.680840E-03  7.311737E+01
    17.8500   -5.276968E-03  6.617907E-03  7.317957E+01
    17.9000   -5.861344E-03  6.961578E-03  7.325753E+01
    17.9500   -6.855047E-03  7.626611E-03  7.337373E+01
    18.0000   -8.135215E-03  8.501457E-03  7.353283E+01
    18.0500   -9.474290E-03  9.519068E-03  7.373039E+01
    18.1000   -1.049379E-02  1.058167E-02  7.395639E+01
    18.1500   -1.082596E-02  1.163899E-02  7.420341E+01
    18.2000   -1.016263E-02  1.265548E-02  7.446588E+01
    18.2500   -8.324983E-03  1.360537E-02  7.473978E+01
    18.3000   -5.312640E-03  1.446949E-02  7.502227E+01
    18.3500   -1.322321E-03  1.523336E-02  7.531131E+01
    18.4000    3.267981E-03  1.588595E-02  7.560542E+01
    18.4500    7.947514E-03  1.641897E-02  7.590349E+01
    18.5000    1.214632E-02  1.682637E-02  7.620471E+01
    18.5500    1.532173E-02  1.710409E-02  7.650844E+01
    18.6000    1.704337E-02  1.724977E-02  7.681417E+01
    18.6500    1.706237E-02  1.726267E-02  7.712150E+01
    18.7000    1.535311E-02  1.714350E-02  7.743012E+01
    18.7500    1.212023E-02  1.689434E-02  7.773973E+01
    18.8000    7.769878E-03  1.651852E-02  7.805010E+01
    18.8500    2.849469E-03  1.602059E-02  7.836100E+01
    18.9000   -2.033831E-03  1.540616E-02  7.867222E+01
    18.9500   -6.302828E-03  1.468188E-02  7.898353E+01
    19.0000   -9.493591E-03  1.385531E-02  7.929469E+01
    19.0500   -1.135167E-02  1.296598E-02  7.960628E+01
    19.1000   -1.176440E-02  1.198841E-02  7.991700E+01
    19.1500   -1.085868E-02  1.093179E-02  8.022634E+01
    19.2000   -8.941898E-03  9.806018E-03  8.053357E+01
    19.2500   -6.442062E-03  8.621656E-03  8.083758E+01
    19.3000   -3.830712E-03  7.390042E-03  8.113648E+01
    19.3500   -1.542111E-03  6.123577E-03  8.142684E+01
    19.4000    9.773147E-05  4.836688E-03  8.170162E+01
    19.4500    9.204638E-04  3.549044E-03  8.194376E+01
    19.5000    9.354616E-04  2.299527E-03  8.210036E+01
    19.5500    3.179349E-04  1.239611E-03  8.194079E+01
    19.6000   -6.320274E-04  1.137438E-03  8.109225E+01
    19.6500   -1.551659E-03  2.097800E-03  8.084884E+01
    19.7000   -2.087654E-03  3.255406E-03  8.098523E+01
    19.7500   -1.965418E-03  4.419796E-03  8.122059E+01
    19.8000   -1.043338E-03  5.548517E-03  8.149224E+01
    19.8500    6.572612E-04  6.623227E-03  8.178081E+01
    19.9000    2.951485E-03  7.632262E-03  8.207847E+01
    19.9500    5.519448E-03  8.566762E-03  8.238150E+01
    20.0000    7.958953E-03  9.419517E-03  8.268787E+01
