 comment: None given                            Feff8L (EXAFS)       0.1
 Source:
 Structure Summary:  Cu1
 Reduced formula:  Cu
 space group: (Fm-3m), space number:  (225)
 abc:  2.529625   2.529625   2.529625
 angles: 60.000000  60.000000  60.000000
 sites: 1
 POT  Non-SCF, core-hole, AFOLP (folp(0)= 1.150)
 Abs   Z=29 Rmt= 1.433 Rnm= 1.488 K  shell
 Pot 1 Z=29 Rmt= 1.359 Rnm= 1.402
 Gam_ch=1.729E+00 H-L exch
 Mu=-3.472E+00 kf=1.806E+00 Vint=-1.591E+01 Rs_int= 2.008
 PATH  Rmax= 4.425,  Keep_limit= 0.00, Heap_limit 0.00  Pwcrit= 2.50%
 Path    2      icalc       2
 -----------------------------------------------------------------------
   2   6.000   3.5774    2.6489   -3.47174 nleg, deg, reff, rnrmav(bohr), edge
        x         y         z   pot at#
    -0.0000   -0.0000   -0.0000  0  29 Cu       absorbing atom
    -3.5774   -0.0000   -0.0000  1  29 Cu
    k   real[2*phc]   mag[feff]  phase[feff] red factor   lambda     real[p]@#
 -0.000  4.0764E+00  1.1765E-04 -2.1077E+00  9.903E-01  1.5931E+01  1.8076E+00
  0.100  4.0767E+00  6.1245E-02 -2.8045E+00  9.906E-01  1.5954E+01  1.8102E+00
  0.200  4.0778E+00  1.2036E-01 -3.4603E+00  9.914E-01  1.6022E+01  1.8182E+00
  0.300  4.0794E+00  1.7549E-01 -4.0783E+00  9.927E-01  1.6128E+01  1.8313E+00
  0.400  4.0811E+00  2.2533E-01 -4.6607E+00  9.945E-01  1.6264E+01  1.8496E+00
  0.500  4.0826E+00  2.6919E-01 -5.2101E+00  9.967E-01  1.6416E+01  1.8729E+00
  0.600  4.0834E+00  3.0698E-01 -5.7287E+00  9.993E-01  1.6567E+01  1.9010E+00
  0.700  4.0829E+00  3.3903E-01 -6.2186E+00  1.002E+00  1.6701E+01  1.9337E+00
  0.800  4.0806E+00  3.6593E-01 -6.6812E+00  1.006E+00  1.6799E+01  1.9709E+00
  0.900  4.0758E+00  3.8831E-01 -7.1176E+00  1.010E+00  1.6844E+01  2.0124E+00
  1.000  4.0680E+00  4.0674E-01 -7.5285E+00  1.014E+00  1.6820E+01  2.0579E+00
  1.100  4.0566E+00  4.2166E-01 -7.9144E+00  1.019E+00  1.6717E+01  2.1075E+00
  1.200  4.0411E+00  4.3337E-01 -8.2756E+00  1.024E+00  1.6532E+01  2.1609E+00
  1.300  4.0209E+00  4.4201E-01 -8.6123E+00  1.029E+00  1.6267E+01  2.2181E+00
  1.400  3.9957E+00  4.4763E-01 -8.9244E+00  1.035E+00  1.5931E+01  2.2789E+00
  1.500  3.9650E+00  4.5017E-01 -9.2117E+00  1.041E+00  1.5539E+01  2.3434E+00
  1.600  3.9283E+00  4.4951E-01 -9.4738E+00  1.048E+00  1.5111E+01  2.4115E+00
  1.700  3.8853E+00  4.4551E-01 -9.7096E+00  1.054E+00  1.4670E+01  2.4834E+00
  1.800  3.8356E+00  4.3799E-01 -9.9182E+00  1.061E+00  1.4242E+01  2.5591E+00
  1.900  3.7786E+00  4.2678E-01 -1.0097E+01  1.067E+00  1.3853E+01  2.6387E+00
  2.000  3.7140E+00  4.1171E-01 -1.0245E+01  1.072E+00  1.3530E+01  2.7225E+00
  2.200  3.5276E+00  3.5623E-01 -1.0370E+01  1.074E+00  1.3210E+01  2.9171E+00
  2.400  3.4147E+00  3.5187E-01 -1.0698E+01  1.255E+00  7.0483E+00  3.0872E+00
  2.600  3.3997E+00  3.3330E-01 -1.1168E+01  1.303E+00  6.0610E+00  3.2174E+00
  2.800  3.3558E+00  3.0089E-01 -1.1531E+01  1.319E+00  5.6064E+00  3.3570E+00
  3.000  3.2946E+00  2.6439E-01 -1.1770E+01  1.312E+00  5.4188E+00  3.5044E+00
  3.200  3.2225E+00  2.3157E-01 -1.1894E+01  1.299E+00  5.3705E+00  3.6579E+00
  3.400  3.1437E+00  2.1658E-01 -1.1895E+01  1.274E+00  5.4079E+00  3.8169E+00
  3.600  3.0594E+00  2.2400E-01 -1.1834E+01  1.252E+00  5.5038E+00  3.9806E+00
  3.800  2.9725E+00  2.5477E-01 -1.1794E+01  1.227E+00  5.6428E+00  4.1485E+00
  4.000  2.8824E+00  2.9978E-01 -1.1804E+01  1.205E+00  5.8153E+00  4.3202E+00
  4.200  2.7895E+00  3.5082E-01 -1.1849E+01  1.184E+00  6.0147E+00  4.4950E+00
  4.400  2.6950E+00  4.0299E-01 -1.1918E+01  1.164E+00  6.2367E+00  4.6726E+00
  4.600  2.5981E+00  4.5495E-01 -1.2000E+01  1.147E+00  6.4782E+00  4.8527E+00
  4.800  2.4988E+00  5.0321E-01 -1.2081E+01  1.131E+00  6.7366E+00  5.0349E+00
  5.000  2.3975E+00  5.4900E-01 -1.2164E+01  1.116E+00  7.0102E+00  5.2190E+00
  5.200  2.2942E+00  5.9194E-01 -1.2247E+01  1.102E+00  7.2974E+00  5.4047E+00
  5.400  2.1902E+00  6.3085E-01 -1.2324E+01  1.088E+00  7.5973E+00  5.5918E+00
  5.600  2.0856E+00  6.6618E-01 -1.2398E+01  1.075E+00  7.9087E+00  5.7801E+00
  5.800  1.9817E+00  6.9660E-01 -1.2467E+01  1.063E+00  8.2309E+00  5.9695E+00
  6.000  1.8797E+00  7.2244E-01 -1.2534E+01  1.051E+00  8.5633E+00  6.1599E+00
  6.500  1.6355E+00  7.6265E-01 -1.2684E+01  1.025E+00  9.4354E+00  6.6394E+00
  7.000  1.4087E+00  7.7212E-01 -1.2820E+01  1.005E+00  1.0361E+01  7.1229E+00
  7.500  1.1935E+00  7.5996E-01 -1.2947E+01  9.917E-01  1.1335E+01  7.6095E+00
  8.000  9.8137E-01  7.3497E-01 -1.3061E+01  9.812E-01  1.2355E+01  8.0983E+00
  8.500  7.7636E-01  6.9762E-01 -1.3169E+01  9.722E-01  1.3416E+01  8.5890E+00
  9.000  5.8139E-01  6.5166E-01 -1.3276E+01  9.638E-01  1.4518E+01  9.0810E+00
  9.500  3.9911E-01  6.0091E-01 -1.3386E+01  9.558E-01  1.5657E+01  9.5743E+00
 10.000  2.2655E-01  5.5097E-01 -1.3499E+01  9.477E-01  1.6833E+01  1.0068E+01
 11.000 -1.0889E-01  4.6095E-01 -1.3723E+01  9.345E-01  1.9288E+01  1.1059E+01
 12.000 -4.2374E-01  3.8201E-01 -1.3946E+01  9.253E-01  2.1874E+01  1.2052E+01
 13.000 -7.1003E-01  3.1912E-01 -1.4168E+01  9.211E-01  2.4583E+01  1.3046E+01
 14.000 -9.7848E-01  2.6802E-01 -1.4385E+01  9.192E-01  2.7408E+01  1.4041E+01
 15.000 -1.2250E+00  2.2806E-01 -1.4597E+01  9.186E-01  3.0343E+01  1.5037E+01
 16.000 -1.4546E+00  1.9803E-01 -1.4803E+01  9.194E-01  3.3383E+01  1.6034E+01
 17.000 -1.6692E+00  1.7499E-01 -1.5012E+01  9.205E-01  3.6525E+01  1.7031E+01
 18.000 -1.8684E+00  1.5638E-01 -1.5221E+01  9.221E-01  3.9763E+01  1.8028E+01
 19.000 -2.0560E+00  1.4016E-01 -1.5430E+01  9.239E-01  4.3094E+01  1.9026E+01
 20.000 -2.2312E+00  1.2675E-01 -1.5635E+01  9.256E-01  4.6515E+01  2.0025E+01
