# comment: None given                          Feff8L (EXAFS)       0.1      
# Source:
# Structure Summary:  Cu1
# Reduced formula:  Cu
# space group: (Fm-3m), space number:  (225)
# abc:  2.529625   2.529625   2.529625
# angles: 60.000000  60.000000  60.000000
# sites: 1
# POT  Non-SCF, core-hole, AFOLP (folp(0)= 1.150)
# Abs   Z=29 Rmt= 1.433 Rnm= 1.488 K  shell
# Pot 1 Z=29 Rmt= 1.359 Rnm= 1.402
# Gam_ch=1.729E+00 H-L exch
# Mu=-3.472E+00 kf=1.806E+00 Vint=-1.591E+01 Rs_int= 2.008
# PATH  Rmax= 4.425,  Keep_limit= 0.00, Heap_limit 0.00  Pwcrit= 2.50%
#  S02=1.000                                        Global_sig2= 0.00000
#  Curved wave amplitude ratio filter   4.000%
#     file         sig2 tot  cw amp ratio   deg  nlegs   reff  inp sig2
#           1       0.00000    100.00     12.00     2   2.5296
#           2       0.00000     23.24      6.00     2   3.5774
#           3       0.00000     12.39     48.00     3   3.7944
#           4       0.00000      9.23     48.00     3   4.3183
#           5       0.00000     56.14     24.00     2   4.3814
#     5/   5 paths used
#  xsedge+50, used to normalize mu           2.4815E-04
#  -----------------------------------------------------------------------
#  omega    e    k    mu    mu0     chi     @#
    8988.528     -3.472   0.000 -3.53065E-01  4.97191E-01 -8.49682E-01
    8988.537     -3.462   0.050 -3.45513E-01  5.04156E-01 -8.48942E-01
    8988.566     -3.434   0.100 -3.37850E-01  5.11122E-01 -8.48092E-01
    8988.613     -3.386   0.150 -3.14520E-01  5.31788E-01 -8.44993E-01
    8988.680     -3.319   0.200 -2.90242E-01  5.52454E-01 -8.40951E-01
    8988.766     -3.234   0.250 -2.50209E-01  5.84692E-01 -8.32514E-01
    8988.871     -3.129   0.300 -2.07797E-01  6.16930E-01 -8.21720E-01
    8988.994     -3.005   0.350 -1.52930E-01  6.54586E-01 -8.03800E-01
    8989.137     -2.862   0.400 -9.41087E-02  6.92242E-01 -7.81982E-01
    8989.299     -2.700   0.450 -2.81869E-02  7.27365E-01 -7.50597E-01
    8989.480     -2.519   0.500  4.28454E-02  7.62488E-01 -7.14205E-01
    8989.680     -2.319   0.550  1.18065E-01  7.90584E-01 -6.66824E-01
    8989.899     -2.100   0.600  1.98614E-01  8.18681E-01 -6.14251E-01
    8990.137     -1.862   0.650  2.83171E-01  8.39499E-01 -5.50726E-01
    8990.395     -1.605   0.700  3.71981E-01  8.60317E-01 -4.83081E-01
    8990.671     -1.329   0.750  4.64657E-01  8.75331E-01 -4.06108E-01
    8990.966     -1.033   0.800  5.59121E-01  8.90344E-01 -3.27423E-01
    8991.280     -0.719   0.850  6.55687E-01  9.01083E-01 -2.42596E-01
    8991.614     -0.386   0.900  7.50374E-01  9.11821E-01 -1.59616E-01
    8991.966     -0.033   0.950  8.43640E-01  9.19430E-01 -7.49723E-02
    8992.338      0.338   1.000  9.30678E-01  9.27038E-01  3.60200E-03
    8992.728      0.729   1.050  1.01170E+00  9.32311E-01  7.86615E-02
    8993.138      1.138   1.100  1.08230E+00  9.37583E-01  1.43553E-01
    8993.566      1.567   1.150  1.14247E+00  9.41068E-01  2.00103E-01
    8994.014      2.015   1.200  1.18928E+00  9.44552E-01  2.43535E-01
    8994.481      2.481   1.250  1.22272E+00  9.46645E-01  2.75308E-01
    8994.967      2.967   1.300  1.24206E+00  9.48738E-01  2.93129E-01
    8995.471      3.472   1.350  1.24787E+00  9.49742E-01  2.98691E-01
    8995.995      3.996   1.400  1.24163E+00  9.50746E-01  2.92181E-01
    8996.538      4.539   1.450  1.22493E+00  9.50903E-01  2.76051E-01
    8997.100      5.101   1.500  1.20079E+00  9.51061E-01  2.52305E-01
    8997.681      5.682   1.550  1.17190E+00  9.50576E-01  2.24321E-01
    8998.281      6.282   1.600  1.14163E+00  9.50091E-01  1.94756E-01
    8998.900      6.901   1.650  1.11284E+00  9.49137E-01  1.67014E-01
    8999.539      7.539   1.700  1.08837E+00  9.48184E-01  1.43508E-01
    9000.196      8.196   1.750  1.07027E+00  9.46911E-01  1.26710E-01
    9000.872      8.873   1.800  1.05942E+00  9.45639E-01  1.17276E-01
    9001.567      9.568   1.850  1.05626E+00  9.44163E-01  1.15933E-01
    9002.282     10.282   1.900  1.05898E+00  9.42688E-01  1.20676E-01
    9003.015     11.016   1.950  1.06600E+00  9.40799E-01  1.30340E-01
    9003.768     11.768   2.000  1.07356E+00  9.38910E-01  1.40628E-01
    9004.539     12.540   2.050  1.08230E+00  9.39020E-01  1.50171E-01
    9005.330     13.330   2.100  1.08424E+00  9.39130E-01  1.52632E-01
    9006.139     14.140   2.150  1.07629E+00  9.39240E-01  1.44671E-01
    9006.968     14.969   2.200  1.05723E+00  9.39349E-01  1.24879E-01
    9007.816     15.816   2.250  1.02953E+00  9.42847E-01  9.18996E-02
    9008.683     16.683   2.300  9.94914E-01  9.46345E-01  5.15356E-02
    9009.568     17.569   2.350  9.57747E-01  9.49843E-01  8.39312E-03
    9010.473     18.474   2.400  9.22849E-01  9.53341E-01 -3.24066E-02
    9011.397     19.398   2.450  8.95088E-01  9.54813E-01 -6.34502E-02
    9012.340     20.341   2.500  8.72565E-01  9.56284E-01 -8.89079E-02
    9013.302     21.303   2.550  8.56837E-01  9.57756E-01 -1.07132E-01
    9014.283     22.284   2.600  8.48874E-01  9.59227E-01 -1.17102E-01
    9015.283     23.284   2.650  8.44892E-01  9.60723E-01 -1.22651E-01
    9016.303     24.303   2.700  8.49217E-01  9.62218E-01 -1.19398E-01
    9017.341     25.341   2.750  8.61190E-01  9.63714E-01 -1.08095E-01
    9018.398     26.399   2.800  8.79475E-01  9.65209E-01 -9.02008E-02
    9019.474     27.475   2.850  9.01398E-01  9.66825E-01 -6.86188E-02
    9020.570     28.570   2.900  9.27552E-01  9.68440E-01 -4.27487E-02
    9021.684     29.685   2.950  9.55294E-01  9.70055E-01 -1.53846E-02
    9022.818     30.818   3.000  9.81927E-01  9.71670E-01  1.06576E-02
    9023.970     31.971   3.050  1.00821E+00  9.73608E-01  3.58390E-02
    9025.142     33.142   3.100  1.03008E+00  9.75547E-01  5.63138E-02
    9026.332     34.333   3.150  1.04553E+00  9.77486E-01  7.00479E-02
    9027.542     35.542   3.200  1.05336E+00  9.79425E-01  7.58784E-02
    9028.771     36.771   3.250  1.05686E+00  9.81216E-01  7.73755E-02
    9030.018     38.019   3.300  1.05272E+00  9.83007E-01  7.10789E-02
    9031.285     39.286   3.350  1.04160E+00  9.84798E-01  5.77272E-02
    9032.571     40.572   3.400  1.02492E+00  9.86589E-01  3.88330E-02
    9033.876     41.877   3.450  1.00625E+00  9.88442E-01  1.79830E-02
    9035.200     43.201   3.500  9.85575E-01  9.90294E-01 -4.75220E-03
    9036.543     44.544   3.550  9.65122E-01  9.92147E-01 -2.71340E-02
    9037.905     45.906   3.600  9.46947E-01  9.93999E-01 -4.71025E-02
    9039.286     47.287   3.650  9.32923E-01  9.95621E-01 -6.26122E-02
    9040.686     48.687   3.700  9.23810E-01  9.97242E-01 -7.31549E-02
    9042.106     50.106   3.750  9.20158E-01  9.98864E-01 -7.82181E-02
    9043.544     51.544   3.800  9.21816E-01  1.00049E+00 -7.79923E-02
    9045.001     53.002   3.850  9.27841E-01  1.00180E+00 -7.31850E-02
    9046.478     54.478   3.900  9.37446E-01  1.00311E+00 -6.48592E-02
    9047.973     55.974   3.950  9.49192E-01  1.00443E+00 -5.44542E-02
    9049.487     57.488   4.000  9.61600E-01  1.00574E+00 -4.34365E-02
    9051.021     59.021   4.050  9.73537E-01  1.00650E+00 -3.23996E-02
    9052.574     60.574   4.100  9.84045E-01  1.00726E+00 -2.27909E-02
    9054.145     62.146   4.150  9.92685E-01  1.00802E+00 -1.50350E-02
    9055.736     63.736   4.200  9.99613E-01  1.00877E+00 -8.97347E-03
    9057.346     65.346   4.250  1.00534E+00  1.00911E+00 -3.69766E-03
    9058.974     66.975   4.300  1.01072E+00  1.00945E+00  1.24317E-03
    9060.622     68.623   4.350  1.01689E+00  1.00979E+00  6.95542E-03
    9062.289     70.290   4.400  1.02492E+00  1.01012E+00  1.44779E-02
    9063.975     71.975   4.450  1.03456E+00  1.00995E+00  2.40908E-02
    9065.680     73.680   4.500  1.04677E+00  1.00977E+00  3.62223E-02
    9067.404     75.404   4.550  1.06122E+00  1.00960E+00  5.05585E-02
    9069.147     77.147   4.600  1.07696E+00  1.00943E+00  6.61682E-02
    9070.909     78.910   4.650  1.09144E+00  1.00871E+00  8.11045E-02
    9072.690     80.691   4.700  1.10385E+00  1.00800E+00  9.40386E-02
    9074.490     82.491   4.750  1.11233E+00  1.00729E+00  1.03128E-01
    9076.310     84.310   4.800  1.11518E+00  1.00657E+00  1.06699E-01
    9078.148     86.149   4.850  1.11092E+00  1.00575E+00  1.03444E-01
    9080.005     88.006   4.900  1.09944E+00  1.00492E+00  9.30649E-02
    9081.882     89.882   4.950  1.08095E+00  1.00409E+00  7.57508E-02
    9083.777     91.778   5.000  1.05644E+00  1.00326E+00  5.24646E-02
    9085.692     93.692   5.050  1.02757E+00  1.00229E+00  2.49672E-02
    9087.625     95.626   5.100  9.96593E-01  1.00132E+00 -4.67479E-03
    9089.578     97.579   5.150  9.65842E-01  1.00035E+00 -3.41564E-02
    9091.550     99.550   5.200  9.37574E-01  9.99377E-01 -6.12407E-02
    9093.540    101.541   5.250  9.13668E-01  9.98308E-01 -8.39392E-02
    9095.550    103.551   5.300  8.95519E-01  9.97239E-01 -1.00962E-01
    9097.579    105.579   5.350  8.83727E-01  9.96170E-01 -1.11697E-01
    9099.627    107.627   5.400  8.78185E-01  9.95101E-01 -1.16238E-01
    9101.694    109.694   5.450  8.78567E-01  9.94337E-01 -1.15173E-01
    9103.780    111.780   5.500  8.83349E-01  9.93573E-01 -1.09726E-01
    9105.885    113.885   5.550  8.91244E-01  9.92809E-01 -1.01171E-01
    9108.009    116.009   5.600  9.01070E-01  9.92044E-01 -9.06810E-02
    9110.152    118.152   5.650  9.12400E-01  9.91522E-01 -7.88921E-02
    9112.314    120.315   5.700  9.24433E-01  9.91000E-01 -6.63950E-02
    9114.495    122.496   5.750  9.37302E-01  9.90478E-01 -5.30559E-02
    9116.696    124.696   5.800  9.51572E-01  9.89956E-01 -3.83097E-02
    9118.915    126.915   5.850  9.68338E-01  9.89599E-01 -2.12205E-02
    9121.153    129.154   5.900  9.88089E-01  9.89241E-01 -1.15026E-03
    9123.411    131.411   5.950  1.01128E+00  9.88884E-01  2.23598E-02
    9125.687    133.688   6.000  1.03779E+00  9.88527E-01  4.91782E-02
    9127.983    135.983   6.050  1.06711E+00  9.88493E-01  7.84637E-02
    9130.297    138.298   6.100  1.09693E+00  9.88460E-01  1.08241E-01
    9132.631    140.631   6.150  1.12471E+00  9.88427E-01  1.35978E-01
    9134.983    142.984   6.200  1.14746E+00  9.88394E-01  1.58677E-01
    9137.355    145.356   6.250  1.16207E+00  9.88360E-01  1.73257E-01
    9139.746    147.746   6.300  1.16583E+00  9.88327E-01  1.77005E-01
    9142.156    150.156   6.350  1.15682E+00  9.88294E-01  1.68028E-01
    9144.585    152.585   6.400  1.13434E+00  9.88260E-01  1.45628E-01
    9147.033    155.033   6.450  1.09913E+00  9.88227E-01  1.10543E-01
    9149.500    157.500   6.500  1.05342E+00  9.88194E-01  6.50029E-02
    9151.986    159.986   6.550  1.00001E+00  9.88049E-01  1.19257E-02
    9154.491    162.491   6.600  9.44608E-01  9.87905E-01 -4.31678E-02
    9157.015    165.015   6.650  8.92406E-01  9.87760E-01 -9.50920E-02
    9159.558    167.558   6.700  8.48407E-01  9.87616E-01 -1.38859E-01
    9162.120    170.121   6.750  8.16775E-01  9.87471E-01 -1.70307E-01
    9164.701    172.702   6.800  8.00305E-01  9.87327E-01 -1.86639E-01
    9167.302    175.302   6.850  8.00066E-01  9.87182E-01 -1.86777E-01
    9169.921    177.922   6.900  8.15272E-01  9.87038E-01 -1.71495E-01
    9172.559    180.560   6.950  8.43404E-01  9.86893E-01 -1.43297E-01
    9175.217    183.217   7.000  8.80572E-01  9.86748E-01 -1.06059E-01
    9177.893    185.894   7.050  9.21849E-01  9.85970E-01 -6.41223E-02
    9180.589    188.589   7.100  9.62371E-01  9.85191E-01 -2.28466E-02
    9183.304    191.304   7.150  9.97705E-01  9.84413E-01  1.33221E-02
    9186.037    194.038   7.200  1.02455E+00  9.83634E-01  4.10569E-02
    9188.790    196.790   7.250  1.04115E+00  9.82856E-01  5.85560E-02
    9191.562    199.562   7.300  1.04741E+00  9.82077E-01  6.57078E-02
    9194.353    202.353   7.350  1.04486E+00  9.81299E-01  6.39940E-02
    9197.162    205.163   7.400  1.03623E+00  9.80520E-01  5.61504E-02
    9199.991    207.992   7.450  1.02497E+00  9.79741E-01  4.56420E-02
    9202.839    210.840   7.500  1.01463E+00  9.78963E-01  3.60367E-02
    9205.706    213.707   7.550  1.00778E+00  9.77719E-01  3.04155E-02
    9208.592    216.593   7.600  1.00682E+00  9.76475E-01  3.07619E-02
    9211.497    219.498   7.650  1.01230E+00  9.75231E-01  3.76357E-02
    9214.422    222.422   7.700  1.02322E+00  9.73987E-01  5.00663E-02
    9217.365    225.365   7.750  1.03725E+00  9.72743E-01  6.57127E-02
    9220.327    228.328   7.800  1.05113E+00  9.71499E-01  8.12573E-02
    9223.308    231.309   7.850  1.06122E+00  9.70255E-01  9.29711E-02
    9226.309    234.309   7.900  1.06411E+00  9.69011E-01  9.73562E-02
    9229.328    237.329   7.950  1.05725E+00  9.67767E-01  9.17650E-02
    9232.367    240.367   8.000  1.03943E+00  9.66523E-01  7.48948E-02
    9235.424    243.425   8.050  1.01089E+00  9.65322E-01  4.68776E-02
    9238.501    246.501   8.100  9.73786E-01  9.64121E-01  9.95976E-03
    9241.596    249.597   8.150  9.31600E-01  9.62919E-01 -3.23232E-02
    9244.711    252.711   8.200  8.88740E-01  9.61718E-01 -7.54347E-02
    9247.845    255.845   8.250  8.49957E-01  9.60516E-01 -1.14460E-01
    9250.997    258.998   8.300  8.19675E-01  9.59315E-01 -1.44795E-01
    9254.169    262.170   8.350  8.01367E-01  9.58113E-01 -1.62789E-01
    9257.360    265.361   8.400  7.97080E-01  9.56912E-01 -1.66256E-01
    9260.570    268.571   8.450  8.07159E-01  9.55710E-01 -1.54766E-01
    9263.799    271.799   8.500  8.30224E-01  9.54509E-01 -1.29689E-01
    9267.047    275.047   8.550  8.63876E-01  9.53656E-01 -9.37888E-02
    9270.314    278.315   8.600  9.03681E-01  9.52803E-01 -5.13736E-02
    9273.600    281.601   8.650  9.45103E-01  9.51951E-01 -7.16979E-03
    9276.905    284.906   8.700  9.83711E-01  9.51098E-01  3.41837E-02
    9280.230    288.230   8.750  1.01575E+00  9.50245E-01  6.87428E-02
    9283.573    291.573   8.800  1.03862E+00  9.49393E-01  9.37341E-02
    9286.935    294.936   8.850  1.05107E+00  9.48540E-01  1.07832E-01
    9290.316    298.317   8.900  1.05331E+00  9.47687E-01  1.11207E-01
    9293.717    301.717   8.950  1.04677E+00  9.46835E-01  1.05346E-01
    9297.136    305.137   9.000  1.03382E+00  9.45982E-01  9.26905E-02
    9300.575    308.575   9.050  1.01739E+00  9.45299E-01  7.61369E-02
    9304.032    312.033   9.100  1.00005E+00  9.44617E-01  5.85971E-02
    9307.509    315.509   9.150  9.84073E-01  9.43934E-01  4.24673E-02
    9311.005    319.005   9.200  9.70923E-01  9.43252E-01  2.93017E-02
    9314.519    322.520   9.250  9.61112E-01  9.42569E-01  1.96524E-02
    9318.053    326.054   9.300  9.54238E-01  9.41887E-01  1.31018E-02
    9321.606    329.606   9.350  9.49185E-01  9.41204E-01  8.47266E-03
    9325.178    333.178   9.400  9.44444E-01  9.40522E-01  4.16831E-03
    9328.769    336.769   9.450  9.38500E-01  9.39839E-01 -1.42371E-03
    9332.379    340.379   9.500  9.30194E-01  9.39157E-01 -9.54018E-03
    9336.008    344.008   9.550  9.18774E-01  9.38309E-01 -2.08140E-02
    9339.656    347.656   9.600  9.04732E-01  9.37462E-01 -3.49057E-02
    9343.323    351.323   9.650  8.89171E-01  9.36615E-01 -5.06461E-02
    9347.009    355.009   9.700  8.73842E-01  9.35768E-01 -6.61687E-02
    9350.714    358.715   9.750  8.60856E-01  9.34921E-01 -7.92155E-02
    9354.438    362.439   9.800  8.52316E-01  9.34074E-01 -8.75273E-02
    9358.182    366.182   9.850  8.49939E-01  9.33227E-01 -8.92506E-02
    9361.944    369.945   9.900  8.54731E-01  9.32380E-01 -8.32883E-02
    9365.726    373.726   9.950  8.66770E-01  9.31533E-01 -6.95337E-02
    9369.526    377.526  10.000  8.85141E-01  9.30686E-01 -4.89471E-02
    9373.345    381.346  10.050  9.07790E-01  9.29583E-01 -2.34475E-02
    9377.184    385.185  10.100  9.32576E-01  9.28479E-01  4.41263E-03
    9381.042    389.042  10.150  9.56698E-01  9.27376E-01  3.16213E-02
    9384.918    392.919  10.200  9.77429E-01  9.26273E-01  5.52322E-02
    9388.814    396.815  10.250  9.92506E-01  9.25169E-01  7.27862E-02
    9392.729    400.729  10.300  1.00044E+00  9.24066E-01  8.26567E-02
    9396.663    404.663  10.350  1.00073E+00  9.22963E-01  8.42623E-02
    9400.615    408.616  10.400  9.93875E-01  9.21859E-01  7.81166E-02
    9404.587    412.588  10.450  9.81261E-01  9.20756E-01  6.57079E-02
    9408.578    416.579  10.500  9.64934E-01  9.19653E-01  4.92327E-02
    9412.588    420.589  10.550  9.47238E-01  9.18550E-01  3.12283E-02
    9416.617    424.618  10.600  9.30445E-01  9.17446E-01  1.41663E-02
    9420.665    428.666  10.650  9.16412E-01  9.16343E-01  7.49449E-05
    9424.733    432.733  10.700  9.06313E-01  9.15240E-01 -9.75091E-03
    9428.819    436.819  10.750  9.00508E-01  9.14136E-01 -1.49050E-02
    9432.924    440.925  10.800  8.98539E-01  9.13033E-01 -1.58699E-02
    9437.048    445.049  10.850  8.99281E-01  9.11930E-01 -1.38662E-02
    9441.192    449.192  10.900  9.01186E-01  9.10826E-01 -1.05803E-02
    9445.354    453.355  10.950  9.02607E-01  9.09723E-01 -7.81979E-03
    9449.536    457.536  11.000  9.02113E-01  9.08620E-01 -7.15816E-03
    9453.736    461.737  11.050  8.98899E-01  9.07643E-01 -9.62871E-03
    9457.956    465.956  11.100  8.92496E-01  9.06666E-01 -1.56198E-02
    9462.194    470.195  11.150  8.83360E-01  9.05690E-01 -2.46367E-02
    9466.452    474.452  11.200  8.72658E-01  9.04713E-01 -3.54014E-02
    9470.729    478.729  11.250  8.62070E-01  9.03736E-01 -4.60609E-02
    9475.024    483.025  11.300  8.53503E-01  9.02760E-01 -5.45044E-02
    9479.339    487.340  11.350  8.48754E-01  9.01783E-01 -5.87363E-02
    9483.673    491.674  11.400  8.49179E-01  9.00806E-01 -5.72390E-02
    9488.026    496.026  11.450  8.55439E-01  8.99830E-01 -4.92639E-02
    9492.398    500.398  11.500  8.67347E-01  8.98853E-01 -3.49997E-02
    9496.789    504.789  11.550  8.83856E-01  8.97876E-01 -1.55900E-02
    9501.199    509.199  11.600  9.03193E-01  8.96900E-01  7.00412E-03
    9505.628    513.629  11.650  9.23095E-01  8.95923E-01  3.02730E-02
    9510.076    518.077  11.700  9.41139E-01  8.94946E-01  5.15156E-02
    9514.543    522.544  11.750  9.55088E-01  8.93970E-01  6.82274E-02
    9519.030    527.030  11.800  9.63205E-01  8.92993E-01  7.84559E-02
    9523.535    531.535  11.850  9.64498E-01  8.92016E-01  8.10719E-02
    9528.059    536.060  11.900  9.58843E-01  8.91040E-01  7.59136E-02
    9532.603    540.603  11.950  9.46979E-01  8.90063E-01  6.37869E-02
    9537.165    545.166  12.000  9.30381E-01  8.89087E-01  4.63254E-02
    9541.747    549.747  12.050  9.10844E-01  8.87961E-01  2.57029E-02
    9546.347    554.348  12.100  8.90593E-01  8.86836E-01  4.22464E-03
    9550.967    558.967  12.150  8.71784E-01  8.85711E-01 -1.56830E-02
    9555.606    563.606  12.200  8.56225E-01  8.84586E-01 -3.19765E-02
    9560.263    568.264  12.250  8.45148E-01  8.83461E-01 -4.32523E-02
    9564.940    572.940  12.300  8.39079E-01  8.82336E-01 -4.88949E-02
    9569.636    577.636  12.350  8.37829E-01  8.81211E-01 -4.90978E-02
    9574.351    582.351  12.400  8.40586E-01  8.80086E-01 -4.47608E-02
    9579.085    587.085  12.450  8.46099E-01  8.78961E-01 -3.72861E-02
    9583.837    591.838  12.500  8.52916E-01  8.77836E-01 -2.83107E-02
    9588.609    596.610  12.550  8.59636E-01  8.76711E-01 -1.94230E-02
    9593.401    601.401  12.600  8.65130E-01  8.75586E-01 -1.19095E-02
    9598.211    606.211  12.650  8.68699E-01  8.74461E-01 -6.57128E-03
    9603.040    611.040  12.700  8.70150E-01  8.73336E-01 -3.63843E-03
    9607.888    615.888  12.750  8.69772E-01  8.72211E-01 -2.78922E-03
    9612.755    620.756  12.800  8.68233E-01  8.71086E-01 -3.26656E-03
    9617.642    625.642  12.850  8.66414E-01  8.69961E-01 -4.06565E-03
    9622.547    630.547  12.900  8.65214E-01  8.68836E-01 -4.15698E-03
    9627.471    635.472  12.950  8.65359E-01  8.67711E-01 -2.70369E-03
    9632.415    640.415  13.000  8.67251E-01  8.66586E-01  7.65082E-04
    9637.377    645.378  13.050  8.70853E-01  8.65376E-01  6.31020E-03
    9642.359    650.359  13.100  8.75831E-01  8.64166E-01  1.34591E-02
    9647.359    655.360  13.150  8.81422E-01  8.62956E-01  2.13360E-02
    9652.379    660.380  13.200  8.86636E-01  8.61746E-01  2.87996E-02
    9657.418    665.418  13.250  8.90433E-01  8.60536E-01  3.46408E-02
    9662.476    670.476  13.300  8.91898E-01  8.59326E-01  3.77939E-02
    9667.552    675.553  13.350  8.90411E-01  8.58116E-01  3.75247E-02
    9672.648    680.649  13.400  8.85752E-01  8.56906E-01  3.35645E-02
    9677.763    685.764  13.450  8.78152E-01  8.55696E-01  2.61655E-02
    9682.897    690.898  13.500  8.68259E-01  8.54486E-01  1.60708E-02
    9688.050    696.051  13.550  8.57045E-01  8.53276E-01  4.40464E-03
    9693.222    701.223  13.600  8.45658E-01  8.52066E-01 -7.49836E-03
    9698.413    706.414  13.650  8.35243E-01  8.50856E-01 -1.82946E-02
    9703.623    711.624  13.700  8.26782E-01  8.49646E-01 -2.68299E-02
    9708.853    716.853  13.750  8.20946E-01  8.48436E-01 -3.23031E-02
    9714.101    722.101  13.800  8.18022E-01  8.47226E-01 -3.43669E-02
    9719.368    727.369  13.850  8.17882E-01  8.46016E-01 -3.31537E-02
    9724.654    732.655  13.900  8.20043E-01  8.44806E-01 -2.92231E-02
    9729.960    737.960  13.950  8.23759E-01  8.43595E-01 -2.34432E-02
    9735.284    743.285  14.000  8.28166E-01  8.42385E-01 -1.68284E-02
    9740.628    748.628  14.050  8.32463E-01  8.41217E-01 -1.03750E-02
    9745.990    753.991  14.100  8.35978E-01  8.40049E-01 -4.83180E-03
    9751.372    759.372  14.150  8.38293E-01  8.38881E-01 -6.99590E-04
    9756.773    764.773  14.200  8.39296E-01  8.37713E-01  1.88348E-03
    9762.192    770.193  14.250  8.39173E-01  8.36545E-01  3.13207E-03
    9767.631    775.632  14.300  8.38342E-01  8.35377E-01  3.53861E-03
    9773.089    781.089  14.350  8.37345E-01  8.34209E-01  3.74820E-03
    9778.566    786.566  14.400  8.36724E-01  8.33041E-01  4.40787E-03
    9784.062    792.062  14.450  8.36894E-01  8.31873E-01  6.01824E-03
    9789.577    797.577  14.500  8.38050E-01  8.30705E-01  8.81544E-03
    9795.111    803.111  14.550  8.40107E-01  8.29537E-01  1.27050E-02
    9800.664    808.664  14.600  8.42709E-01  8.28368E-01  1.72598E-02
    9806.236    814.236  14.650  8.45274E-01  8.27200E-01  2.17839E-02
    9811.827    819.827  14.700  8.47101E-01  8.26032E-01  2.54301E-02
    9817.437    825.438  14.750  8.47493E-01  8.24864E-01  2.73515E-02
    9823.066    831.067  14.800  8.45887E-01  8.23696E-01  2.68607E-02
    9828.715    836.715  14.850  8.41971E-01  8.22528E-01  2.35677E-02
    9834.382    842.382  14.900  8.35754E-01  8.21360E-01  1.74729E-02
    9840.068    848.069  14.950  8.27593E-01  8.20192E-01  8.99710E-03
    9845.774    853.774  15.000  8.18156E-01  8.19024E-01 -1.05694E-03
    9851.498    859.499  15.050  8.08150E-01  8.17731E-01 -1.16829E-02
    9857.242    865.242  15.100  7.98723E-01  8.16439E-01 -2.16355E-02
    9863.004    871.005  15.150  7.90847E-01  8.15146E-01 -2.97243E-02
    9868.786    876.787  15.200  7.85315E-01  8.13854E-01 -3.49671E-02
    9874.587    882.587  15.250  7.82628E-01  8.12561E-01 -3.67352E-02
    9880.406    888.407  15.300  7.82921E-01  8.11269E-01 -3.48459E-02
    9886.245    894.246  15.350  7.85945E-01  8.09976E-01 -2.95877E-02
    9892.103    900.104  15.400  7.91108E-01  8.08684E-01 -2.16748E-02
    9897.980    905.981  15.450  7.97565E-01  8.07391E-01 -1.21386E-02
    9903.876    911.876  15.500  8.04342E-01  8.06099E-01 -2.17330E-03
    9909.791    917.791  15.550  8.10485E-01  8.04806E-01  7.03814E-03
    9915.725    923.726  15.600  8.15188E-01  8.03514E-01  1.44917E-02
    9921.678    929.679  15.650  8.17901E-01  8.02221E-01  1.94962E-02
    9927.650    935.651  15.700  8.18396E-01  8.00929E-01  2.17545E-02
    9933.641    941.642  15.750  8.16774E-01  7.99636E-01  2.13801E-02
    9939.652    947.652  15.800  8.13428E-01  7.98344E-01  1.88495E-02
    9945.681    953.682  15.850  8.08955E-01  7.97051E-01  1.48998E-02
    9951.729    959.730  15.900  8.04047E-01  7.95759E-01  1.03908E-02
    9957.797    965.797  15.950  7.99368E-01  7.94466E-01  6.15521E-03
    9963.883    971.884  16.000  7.95449E-01  7.93174E-01  2.86244E-03
    9969.989    977.989  16.050  7.92637E-01  7.91917E-01  9.07183E-04
    9976.113    984.114  16.100  7.90958E-01  7.90659E-01  3.76465E-04
    9982.257    990.257  16.150  7.90241E-01  7.89402E-01  1.06048E-03
    9988.419    996.420  16.200  7.90118E-01  7.88145E-01  2.49771E-03
    9994.601   1002.602  16.250  7.90101E-01  7.86888E-01  4.07502E-03
   10000.802   1008.802  16.300  7.89687E-01  7.85631E-01  5.15189E-03
   10007.022   1015.022  16.350  7.88450E-01  7.84374E-01  5.18636E-03
   10013.261   1021.261  16.400  7.86131E-01  7.83116E-01  3.84104E-03
   10019.518   1027.519  16.450  7.82683E-01  7.81859E-01  1.05087E-03
   10025.795   1033.796  16.500  7.78288E-01  7.80602E-01 -2.95824E-03
   10032.091   1040.092  16.550  7.73330E-01  7.79345E-01 -7.70243E-03
   10038.406   1046.407  16.600  7.68328E-01  7.78088E-01 -1.25183E-02
   10044.741   1052.741  16.650  7.63853E-01  7.76831E-01 -1.66728E-02
   10051.094   1059.094  16.700  7.60432E-01  7.75574E-01 -1.94852E-02
   10057.466   1065.466  16.750  7.58458E-01  7.74316E-01 -2.04409E-02
   10063.857   1071.858  16.800  7.58128E-01  7.73059E-01 -1.92780E-02
   10070.267   1078.268  16.850  7.59405E-01  7.71802E-01 -1.60322E-02
   10076.697   1084.697  16.900  7.62027E-01  7.70545E-01 -1.10337E-02
   10083.145   1091.146  16.950  7.65544E-01  7.69288E-01 -4.85727E-03
   10089.613   1097.613  17.000  7.69389E-01  7.68031E-01  1.76557E-03
   10096.099   1104.100  17.050  7.72956E-01  7.66724E-01  8.11295E-03
   10102.605   1110.605  17.100  7.75717E-01  7.65418E-01  1.34319E-02
   10109.129   1117.130  17.150  7.77250E-01  7.64111E-01  1.71658E-02
   10115.673   1123.673  17.200  7.77320E-01  7.62805E-01  1.89972E-02
   10122.236   1130.236  17.250  7.75900E-01  7.61498E-01  1.88805E-02
   10128.817   1136.818  17.300  7.73159E-01  7.60192E-01  1.70304E-02
   10135.418   1143.419  17.350  7.69428E-01  7.58886E-01  1.38703E-02
   10142.038   1150.038  17.400  7.65129E-01  7.57579E-01  9.94998E-03
   10148.677   1156.677  17.450  7.60703E-01  7.56273E-01  5.84967E-03
   10155.335   1163.335  17.500  7.56543E-01  7.54966E-01  2.08526E-03
   10162.012   1170.012  17.550  7.52929E-01  7.53660E-01 -9.67891E-04
   10168.708   1176.708  17.600  7.50002E-01  7.52353E-01 -3.12113E-03
   10175.423   1183.423  17.650  7.47751E-01  7.51047E-01 -4.38191E-03
   10182.157   1190.158  17.700  7.46041E-01  7.49741E-01 -4.92697E-03
   10188.910   1196.911  17.750  7.44653E-01  7.48434E-01 -5.04578E-03
   10195.683   1203.683  17.800  7.43338E-01  7.47128E-01 -5.06623E-03
   10202.474   1210.474  17.850  7.41880E-01  7.45821E-01 -5.27697E-03
   10209.284   1217.285  17.900  7.40145E-01  7.44515E-01 -5.86134E-03
   10216.114   1224.114  17.950  7.38107E-01  7.43208E-01 -6.85505E-03
   10222.962   1230.962  18.000  7.35859E-01  7.41902E-01 -8.13521E-03
   10229.829   1237.830  18.050  7.33555E-01  7.40580E-01 -9.47429E-03
   10236.716   1244.717  18.100  7.31492E-01  7.39258E-01 -1.04938E-02
   10243.622   1251.622  18.150  7.29939E-01  7.37936E-01 -1.08260E-02
   10250.546   1258.547  18.200  7.29121E-01  7.36615E-01 -1.01626E-02
   10257.490   1265.490  18.250  7.29165E-01  7.35293E-01 -8.32498E-03
   10264.453   1272.453  18.300  7.30068E-01  7.33971E-01 -5.31264E-03
   10271.434   1279.435  18.350  7.31679E-01  7.32649E-01 -1.32232E-03
   10278.435   1286.436  18.400  7.33719E-01  7.31327E-01  3.26798E-03
   10285.455   1293.456  18.450  7.35812E-01  7.30005E-01  7.94751E-03
   10292.494   1300.495  18.500  7.37542E-01  7.28683E-01  1.21463E-02
   10299.552   1307.553  18.550  7.38515E-01  7.27361E-01  1.53217E-02
   10306.629   1314.630  18.600  7.38424E-01  7.26040E-01  1.70434E-02
   10313.725   1321.726  18.650  7.37093E-01  7.24718E-01  1.70624E-02
   10320.840   1328.841  18.700  7.34510E-01  7.23396E-01  1.53531E-02
   10327.975   1335.975  18.750  7.30832E-01  7.22074E-01  1.21202E-02
   10335.128   1343.128  18.800  7.26356E-01  7.20752E-01  7.76988E-03
   10342.300   1350.301  18.850  7.21482E-01  7.19430E-01  2.84947E-03
   10349.492   1357.492  18.900  7.16647E-01  7.18108E-01 -2.03383E-03
   10356.702   1364.702  18.950  7.12266E-01  7.16787E-01 -6.30283E-03
   10363.931   1371.932  19.000  7.08669E-01  7.15465E-01 -9.49359E-03
   10371.180   1379.180  19.050  7.06043E-01  7.14153E-01 -1.13517E-02
   10378.447   1386.448  19.100  7.04452E-01  7.12842E-01 -1.17644E-02
   10385.734   1393.734  19.150  7.03802E-01  7.11531E-01 -1.08587E-02
   10393.040   1401.040  19.200  7.03867E-01  7.10220E-01 -8.94190E-03
   10400.364   1408.365  19.250  7.04340E-01  7.08908E-01 -6.44206E-03
   10407.708   1415.709  19.300  7.04886E-01  7.07597E-01 -3.83071E-03
   10415.071   1423.071  19.350  7.05196E-01  7.06286E-01 -1.54211E-03
   10422.453   1430.453  19.400  7.05043E-01  7.04974E-01  9.77315E-05
   10429.854   1437.854  19.450  7.04311E-01  7.03663E-01  9.20464E-04
   10437.273   1445.274  19.500  7.03009E-01  7.02352E-01  9.35462E-04
   10444.712   1452.713  19.550  7.01263E-01  7.01040E-01  3.17935E-04
   10452.171   1460.171  19.600  6.99287E-01  6.99729E-01 -6.32027E-04
   10459.648   1467.648  19.650  6.97334E-01  6.98418E-01 -1.55166E-03
   10467.144   1475.144  19.700  6.95651E-01  6.97107E-01 -2.08765E-03
   10474.659   1482.659  19.750  6.94428E-01  6.95795E-01 -1.96542E-03
   10482.193   1490.194  19.800  6.93760E-01  6.94484E-01 -1.04334E-03
   10489.746   1497.747  19.850  6.93628E-01  6.93173E-01  6.57261E-04
   10497.319   1505.319  19.900  6.93903E-01  6.91861E-01  2.95149E-03
   10504.910   1512.911  19.950  6.94360E-01  6.90550E-01  5.51945E-03
   10512.521   1520.521  20.000  6.94722E-01  6.89239E-01  7.95895E-03
