Ritsumeikan University SR Center BL-10
18121210.dat
2018/12/12,17:14:20,17:32:54
コメント:,CaCO3
分光結晶:,Si(220), 2d= 0.384 nm
測定モード:,PhotonEnergy
ブロック数:,8
全測定点数:,246
 ,BorderAngle,BorderPE,DivNum,Step,Waiting(sec),Dwell(sec)
Block 0,53.82217,4000
Block 1,53.43417,4020,10,2,1,3
Block 2,53.33832,4025,10,0.5,1,3
Block 3,52.94064,4046,105,0.2,1,3
Block 4,52.79118,4054,25,0.32,1,3
Block 5,52.42229,4074,40,0.5,1,3
Block 6,51.95261,4100,20,1.3,1,3
Block 7,51.42392,4130,15,2,1,3
Block 8,50.24188,4200,20,3.5,1,3

Calculatedθ(deg.),Observedθ(deg.),hν(eV),Io(cps), SDD1(cps),SDD2(cps),SDD3(cps),TEY(cps),PEY(cps),Transmission(cps),RingCurrent(mA)
53.82217, 53.82222, 4000.00, 2477.667, 240, 202.6667, 379.6667, 751.3333, 0, 0, 76.166
53.78303, 53.78333, 4001.98, 2471, 236.3333, 204.6667, 372, 750.6667, 0, 0, 76.047
53.74397, 53.74417, 4003.99, 2461.333, 267, 228, 415, 749.3333, 0, 0, 76.152
53.70499, 53.70528, 4005.99, 2459.667, 297, 264.3333, 446.3333, 750.6667, 0, 0, 76.091
53.66607, 53.66667, 4007.97, 2451, 337, 288, 489, 749.3333, 0, 0, 76.051
53.62724, 53.62778, 4009.97, 2442.333, 364.6667, 316.3333, 513.6667, 747.3333, 0, 0, 76.10533
53.58847, 53.58889, 4011.98, 2435, 404.6667, 343, 563.6667, 747.3333, 0, 0, 76.101
53.54979, 53.55028, 4013.98, 2427, 476, 410.3333, 639.3333, 746.3333, 0, 0, 75.987
53.51117, 53.51139, 4015.99, 2423, 546.6667, 460.6667, 736.3333, 747.3333, 0, 0, 76.09634
53.47263, 53.47278, 4017.99, 2415, 641.3333, 542.3333, 847.6667, 748.3333, 0, 0, 75.932
53.43417, 53.43417, 4020.00, 2408.667, 742.3333, 617.6667, 957.3333, 749.3333, 0, 0, 75.991
53.42456, 53.42472, 4020.49, 2407.667, 783.6667, 655, 1014, 750.3333, 0, 0, 76.07733
53.41496, 53.41500, 4021.00, 2405, 802, 672.3333, 1018.333, 750.6667, 0, 0, 76.076
53.40536, 53.40528, 4021.51, 2403.667, 859, 701, 1094, 750.3333, 0, 0, 75.99167
53.39577, 53.39611, 4021.98, 2403, 906.3333, 762.6667, 1175.667, 751.3333, 0, 0, 75.97667
53.38618, 53.38611, 4022.50, 2400, 974, 807, 1225.667, 752, 0, 0, 76.08134
53.37660, 53.37695, 4022.98, 2400.667, 1044.333, 855.3333, 1309, 754, 0, 0, 76.12
53.36702, 53.36722, 4023.49, 2398.667, 1077.667, 889.6667, 1378.667, 755, 0, 0, 76.08266
53.35745, 53.35778, 4023.98, 2397, 1216, 1000.667, 1511.333, 756, 0, 0, 76.02067
53.34789, 53.34806, 4024.49, 2394.667, 1281.667, 1048.667, 1594.667, 758, 0, 0, 76.13866
53.33832, 53.33861, 4024.99, 2392.667, 1396.667, 1141.667, 1714, 760.6667, 0, 0, 76.23
53.33450, 53.33472, 4025.19, 2390.667, 1443.667, 1181.667, 1801.333, 760.6667, 0, 0, 76.10966
53.33067, 53.33083, 4025.39, 2392.333, 1495.333, 1238, 1868, 762.6667, 0, 0, 76.03867
53.32684, 53.32722, 4025.58, 2389.667, 1559.333, 1267.667, 1933.333, 764.3333, 0, 0, 75.891
53.32302, 53.32333, 4025.78, 2389.333, 1608, 1297, 2005.333, 765, 0, 0, 76.033
53.31920, 53.31917, 4026.00, 2389.667, 1720.667, 1386.333, 2112, 767, 0, 0, 76.013
53.31538, 53.31528, 4026.21, 2388, 1847.333, 1488.667, 2275.667, 769.6667, 0, 0, 75.99
53.31156, 53.31167, 4026.39, 2387.333, 1904, 1543.667, 2342.333, 772.6667, 0, 0, 75.90033
53.30774, 53.30806, 4026.58, 2385.333, 2065.333, 1660, 2532, 775.6667, 0, 0, 75.82
53.30392, 53.30416, 4026.79, 2381.333, 2204.667, 1771.333, 2697.333, 779.3333, 0, 0, 75.916
53.30011, 53.30028, 4026.99, 2383.333, 2410.333, 1936, 2942.333, 783.6667, 0, 0, 75.948
53.29629, 53.29667, 4027.18, 2381.667, 2541.667, 2039.333, 3080.667, 789, 0, 0, 75.877
53.29247, 53.29278, 4027.38, 2381.667, 2784, 2216.667, 3363, 796, 0, 0, 76.00333
53.28865, 53.28861, 4027.60, 2380.333, 3044.333, 2432.333, 3689.333, 802, 0, 0, 75.86567
53.28484, 53.28500, 4027.79, 2376.333, 3253, 2613, 3931, 808, 0, 0, 75.96833
53.28102, 53.28139, 4027.98, 2376, 3564.667, 2803.333, 4329.667, 816, 0, 0, 75.82667
53.27721, 53.27750, 4028.19, 2374, 3825.333, 3030.667, 4605, 823.6667, 0, 0, 75.829
53.27340, 53.27333, 4028.40, 2376, 4212, 3338, 5049, 833.6667, 0, 0, 75.77367
53.26958, 53.26972, 4028.59, 2374, 4511.333, 3530.333, 5379, 842.3333, 0, 0, 75.83533
53.26577, 53.26583, 4028.80, 2373, 4779.333, 3775, 5739.667, 852, 0, 0, 75.86433
53.26196, 53.26222, 4028.99, 2372.667, 5163.333, 4077.333, 6199, 863, 0, 0, 75.841
53.25816, 53.25834, 4029.19, 2371.333, 5623, 4397, 6731.667, 874, 0, 0, 75.86433
53.25435, 53.25472, 4029.38, 2372.667, 6003.667, 4706.333, 7179.667, 888.6667, 0, 0, 75.78667
53.25053, 53.25083, 4029.58, 2372, 6488.667, 5071.333, 7754.667, 905.3333, 0, 0, 75.74067
53.24673, 53.24694, 4029.79, 2371.667, 7238, 5662, 8679.333, 927.6667, 0, 0, 75.884
53.24292, 53.24333, 4029.98, 2370.333, 7938.333, 6169.333, 9453, 952.6667, 0, 0, 75.999
53.23912, 53.23917, 4030.20, 2371, 9065, 7054.667, 10826, 986.6667, 0, 0, 75.948
53.23531, 53.23555, 4030.39, 2368.667, 10073.33, 7804.333, 12005.67, 1023.333, 0, 0, 75.79134
53.23150, 53.23139, 4030.61, 2367.667, 11517.67, 8970.333, 13783.33, 1073.333, 0, 0, 75.97134
53.22770, 53.22778, 4030.80, 2364.667, 12917.33, 10008, 15395, 1124.667, 0, 0, 75.96
53.22389, 53.22417, 4030.99, 2364.667, 14777, 11499, 17590, 1188, 0, 0, 75.77666
53.22009, 53.22028, 4031.19, 2362, 16955, 13131.33, 20193.67, 1258, 0, 0, 75.84766
53.21629, 53.21667, 4031.38, 2362.333, 18928.33, 14690, 22586.33, 1331.333, 0, 0, 75.846
53.21249, 53.21250, 4031.60, 2360.667, 21443, 16539.33, 25586, 1418.667, 0, 0, 75.90567
53.20869, 53.20861, 4031.80, 2360, 23934.33, 18515.33, 28398.67, 1502.667, 0, 0, 75.87767
53.20489, 53.20500, 4031.99, 2360.333, 26273, 20356, 31214, 1583.333, 0, 0, 75.83567
53.20109, 53.20111, 4032.20, 2358.333, 28363, 21919, 33755.67, 1666.333, 0, 0, 75.791
53.19729, 53.19750, 4032.39, 2356, 30962.67, 23969.33, 36782.67, 1744.667, 0, 0, 75.79833
53.19349, 53.19389, 4032.58, 2356, 32809.67, 25432.33, 39009.67, 1814, 0, 0, 75.86467
53.18969, 53.18972, 4032.80, 2355, 34759.67, 26841, 41372.33, 1887, 0, 0, 75.836
53.18590, 53.18583, 4033.00, 2354.667, 36657.33, 28302.33, 43563.67, 1949.667, 0, 0, 75.80933
53.18210, 53.18222, 4033.19, 2353.667, 37985.67, 29163, 45253.33, 2001.667, 0, 0, 75.81267
53.17831, 53.17833, 4033.40, 2353, 39519.67, 30512.33, 46874.67, 2050.333, 0, 0, 75.884
53.17451, 53.17472, 4033.59, 2352.333, 40654, 31302.67, 48272.33, 2097, 0, 0, 75.77966
53.17072, 53.17111, 4033.78, 2350.333, 41897, 32287.33, 49761.67, 2135.667, 0, 0, 75.79567
53.16693, 53.16722, 4033.98, 2349, 43000.33, 33165.67, 51169.33, 2174, 0, 0, 75.74934
53.16314, 53.16306, 4034.20, 2346.667, 44342, 34220.67, 52611, 2217, 0, 0, 75.82733
53.15935, 53.15944, 4034.40, 2347.667, 44914.67, 34580, 53485, 2259, 0, 0, 75.81467
53.15555, 53.15583, 4034.59, 2347.333, 45893.67, 35351.33, 54593.67, 2300, 0, 0, 75.686
53.15176, 53.15167, 4034.81, 2346, 47521.67, 36607.33, 56564.33, 2357.333, 0, 0, 75.86333
53.14797, 53.14833, 4034.98, 2346, 48662.33, 37540.33, 57792.33, 2406.667, 0, 0, 75.81167
53.14419, 53.14417, 4035.20, 2346.667, 50051, 38529, 59528.67, 2476.667, 0, 0, 75.77666
53.14040, 53.14028, 4035.41, 2345, 51844.67, 39926, 61631.67, 2549.333, 0, 0, 75.747
53.13660, 53.13694, 4035.58, 2344.667, 53621.67, 41205.33, 63720.33, 2619.333, 0, 0, 75.67133
53.13282, 53.13306, 4035.79, 2343.667, 55114, 42467.67, 65553.66, 2695.333, 0, 0, 75.77033
53.12903, 53.12944, 4035.98, 2341.667, 56863.33, 43738.67, 67636.34, 2767.333, 0, 0, 75.735
53.12526, 53.12556, 4036.18, 2340.333, 58342.67, 44985, 69316.66, 2840.667, 0, 0, 75.63734
53.12147, 53.12167, 4036.39, 2338.667, 59743.33, 46028.33, 71053.66, 2905, 0, 0, 75.79467
53.11768, 53.11806, 4036.58, 2338, 61367.33, 47252, 72984.34, 2954.667, 0, 0, 75.638
53.11390, 53.11389, 4036.80, 2336.333, 62404.67, 47929.67, 74129.34, 3001.333, 0, 0, 75.724
53.11012, 53.11000, 4037.01, 2335.333, 63346, 48716, 75306.34, 3027, 0, 0, 75.59766
53.10633, 53.10667, 4037.18, 2335, 63458, 48658.67, 75480, 3036.667, 0, 0, 75.684
53.10256, 53.10278, 4037.39, 2334.667, 64001.33, 49262.67, 76150.34, 3036.667, 0, 0, 75.68467
53.09877, 53.09917, 4037.58, 2333, 64069.67, 49136.67, 76186.66, 3023, 0, 0, 75.80666
53.09499, 53.09528, 4037.79, 2331.333, 63652.33, 48987, 75760.34, 2998.667, 0, 0, 75.67467
53.09122, 53.09111, 4038.01, 2331, 63445.33, 48748, 75423.34, 2964.333, 0, 0, 75.60833
53.08744, 53.08750, 4038.20, 2330, 63100.33, 48619.33, 74969.66, 2926, 0, 0, 75.61367
53.08366, 53.08389, 4038.39, 2328, 62296.67, 47738, 74176.34, 2881.667, 0, 0, 75.51733
53.07988, 53.08028, 4038.58, 2327.333, 61749.67, 47649.67, 73395, 2836.667, 0, 0, 75.638
53.07610, 53.07639, 4038.79, 2327, 61056.67, 46958.67, 72518.66, 2785, 0, 0, 75.66033
53.07233, 53.07250, 4038.99, 2326.333, 59948.33, 46125.33, 71237.34, 2726.333, 0, 0, 75.61733
53.06856, 53.06861, 4039.20, 2325.667, 59187.67, 45534, 70337.34, 2667, 0, 0, 75.465
53.06479, 53.06472, 4039.40, 2322.667, 58326.33, 44783, 69152, 2599, 0, 0, 75.578
53.06101, 53.06111, 4039.60, 2322.333, 56683, 43360, 67409, 2534, 0, 0, 75.64167
53.05724, 53.05750, 4039.79, 2321.667, 55473, 42577.67, 66017.34, 2460.333, 0, 0, 75.66766
53.05347, 53.05361, 4039.99, 2321.333, 53640, 41195, 63870.33, 2385.333, 0, 0, 75.57567
53.04970, 53.04972, 4040.20, 2321, 52437.67, 40294.33, 62396.33, 2312, 0, 0, 75.42567
53.04593, 53.04583, 4040.41, 2320.333, 50841, 39071, 60443.67, 2241.667, 0, 0, 75.57867
53.04215, 53.04222, 4040.60, 2317.667, 49625.67, 38110.67, 58943.33, 2179.333, 0, 0, 75.675
53.03839, 53.03833, 4040.80, 2316.333, 48443.33, 37140.67, 57639, 2123, 0, 0, 75.521
53.03462, 53.03500, 4040.98, 2316, 47552.33, 36407.67, 56517.33, 2075.333, 0, 0, 75.389
53.03085, 53.03111, 4041.19, 2315, 46389, 35641.67, 55174.67, 2034.667, 0, 0, 75.56133
53.02708, 53.02750, 4041.38, 2314.333, 45776, 35236.33, 54464.67, 2006.333, 0, 0, 75.57267
53.02332, 53.02361, 4041.58, 2313, 45419.33, 34951, 53977, 1982, 0, 0, 75.58533
53.01955, 53.01944, 4041.81, 2312.667, 45338.33, 34923.33, 53852, 1970, 0, 0, 75.42167
53.01579, 53.01611, 4041.98, 2312.667, 45122, 34805.33, 53629.67, 1965, 0, 0, 75.49934
53.01202, 53.01222, 4042.19, 2311.667, 45189.33, 34821.67, 53726, 1966.667, 0, 0, 75.47733
53.00826, 53.00861, 4042.38, 2313, 45704, 35127.33, 54263.33, 1973.667, 0, 0, 75.42333
53.00450, 53.00472, 4042.59, 2311, 45998, 35358.67, 54514.67, 1985.333, 0, 0, 75.457
53.00074, 53.00083, 4042.80, 2309.667, 46206, 35651.67, 54989.33, 2000.333, 0, 0, 75.46267
52.99698, 52.99694, 4043.00, 2306.667, 46891.67, 36100.33, 55697, 2016.667, 0, 0, 75.46167
52.99322, 52.99361, 4043.18, 2308.667, 47258.33, 36373.67, 56184.33, 2037, 0, 0, 75.37067
52.98946, 52.98944, 4043.40, 2308.333, 47762.33, 36680, 56829.33, 2058, 0, 0, 75.40134
52.98569, 52.98611, 4043.58, 2307.667, 48274.33, 37084.33, 57379.67, 2079, 0, 0, 75.478
52.98194, 52.98222, 4043.79, 2306, 48863, 37616.33, 58068, 2103, 0, 0, 75.45667
52.97818, 52.97805, 4044.01, 2307, 49314.33, 37945.67, 58527.67, 2127, 0, 0, 75.434
52.97442, 52.97472, 4044.18, 2305, 50065, 38513.33, 59526.33, 2147.333, 0, 0, 75.45866
52.97067, 52.97055, 4044.41, 2304.667, 50690.67, 38934.33, 60354, 2171.333, 0, 0, 75.36234
52.96691, 52.96722, 4044.58, 2303.667, 51001.33, 39291, 60702, 2190.667, 0, 0, 75.47266
52.96316, 52.96333, 4044.79, 2303.333, 51701, 39788.67, 61375.33, 2213.667, 0, 0, 75.437
52.95940, 52.95945, 4045.00, 2302.667, 52576.33, 40438.67, 62319, 2233, 0, 0, 75.426
52.95565, 52.95583, 4045.19, 2301.667, 52755.33, 40444.67, 62720, 2253.333, 0, 0, 75.554
52.95190, 52.95222, 4045.38, 2300, 53264.67, 41044.67, 63292.67, 2271, 0, 0, 75.35533
52.94814, 52.94833, 4045.59, 2298.333, 53778.67, 41397.33, 63963.67, 2289, 0, 0, 75.40067
52.94439, 52.94444, 4045.80, 2297, 54212.33, 41721.33, 64590.67, 2306.667, 0, 0, 75.42567
52.94064, 52.94083, 4045.99, 2294, 54578, 42039.67, 64794.67, 2321, 0, 0, 75.37334
52.93464, 52.93472, 4046.32, 2295, 55405.67, 42625.33, 65778.66, 2347.667, 0, 0, 75.295
52.92865, 52.92861, 4046.64, 2295, 56029.33, 42949, 66557, 2372, 0, 0, 75.262
52.92265, 52.92305, 4046.94, 2292.333, 56303.33, 43295.67, 66802.34, 2390.333, 0, 0, 75.24667
52.91666, 52.91694, 4047.27, 2289.667, 56917.33, 43704.33, 67553.34, 2407.333, 0, 0, 75.236
52.91066, 52.91056, 4047.61, 2288.667, 57213, 44015.33, 67986, 2419, 0, 0, 75.30133
52.90467, 52.90472, 4047.92, 2288, 57497.33, 44209.67, 68369, 2425.667, 0, 0, 75.38067
52.89868, 52.89861, 4048.24, 2287, 57449, 44154.33, 68264.34, 2427, 0, 0, 75.35833
52.89269, 52.89305, 4048.54, 2285.333, 57699, 44309, 68602.34, 2423.333, 0, 0, 75.391
52.88671, 52.88667, 4048.88, 2284.333, 57523.33, 44098.67, 68324.34, 2413, 0, 0, 75.24567
52.88073, 52.88083, 4049.19, 2285.667, 57318.67, 43976, 68202.66, 2399.333, 0, 0, 75.29633
52.87474, 52.87472, 4049.52, 2284, 57125.33, 43988.33, 67791.66, 2378.333, 0, 0, 75.314
52.86876, 52.86889, 4049.83, 2283.333, 56220, 43078, 66928.34, 2352.333, 0, 0, 75.31934
52.86279, 52.86306, 4050.15, 2282.667, 55776.33, 42921.33, 66333, 2317.667, 0, 0, 75.312
52.85681, 52.85722, 4050.46, 2280.667, 55120.67, 42288.67, 65494, 2276.667, 0, 0, 75.31767
52.85083, 52.85083, 4050.80, 2278, 53962, 41457.33, 64074, 2225, 0, 0, 75.324
52.84486, 52.84472, 4051.13, 2279, 52669.67, 40434, 62515, 2169.667, 0, 0, 75.30933
52.83889, 52.83889, 4051.44, 2278, 51482.67, 39536.33, 61201.67, 2112.333, 0, 0, 75.29066
52.83292, 52.83306, 4051.75, 2276, 49851.67, 38250, 59311.33, 2051.333, 0, 0, 75.25767
52.82695, 52.82722, 4052.07, 2276, 48532, 37300.67, 57642, 1993.333, 0, 0, 75.19633
52.82099, 52.82111, 4052.39, 2273, 47174, 36169.33, 56046.33, 1934, 0, 0, 75.22234
52.81502, 52.81500, 4052.72, 2271.667, 45705.67, 35041.33, 54347.67, 1880.667, 0, 0, 75.225
52.80906, 52.80917, 4053.03, 2269.667, 44336.33, 34054.33, 52726.33, 1832.667, 0, 0, 75.27966
52.80309, 52.80333, 4053.35, 2269.333, 43461.67, 33463.67, 51561, 1788.333, 0, 0, 75.31866
52.79714, 52.79750, 4053.66, 2266.667, 42494.67, 32592.67, 50538.33, 1750.333, 0, 0, 75.2
52.79118, 52.79111, 4054.00, 2266, 41304.67, 31719.67, 49024, 1715, 0, 0, 75.264
52.78188, 52.78222, 4054.48, 2263.667, 39883.67, 30610, 47474.67, 1670.667, 0, 0, 75.24367
52.77258, 52.77250, 4055.00, 2262, 39041, 29874.33, 46445.67, 1630, 0, 0, 75.21167
52.76328, 52.76333, 4055.50, 2260, 38000, 29208.67, 45025, 1596, 0, 0, 75.239
52.75399, 52.75389, 4056.01, 2256.333, 37114.67, 28501.33, 44147.67, 1563.333, 0, 0, 75.19133
52.74470, 52.74472, 4056.50, 2257.667, 36350.67, 27887.67, 43248, 1540.333, 0, 0, 75.13267
52.73542, 52.73528, 4057.01, 2254.333, 35817.33, 27388.67, 42473.33, 1520.667, 0, 0, 75.16167
52.72614, 52.72611, 4057.50, 2251.667, 35433, 27211, 42097, 1508.667, 0, 0, 75.206
52.71686, 52.71722, 4057.98, 2250.333, 35339.67, 27186.33, 42000, 1504.333, 0, 0, 75.269
52.70759, 52.70778, 4058.49, 2250.333, 35290.67, 27180.67, 41880, 1505.667, 0, 0, 75.24934
52.69832, 52.69861, 4058.98, 2246, 35390.67, 27185.33, 42146, 1511, 0, 0, 75.29
52.68906, 52.68945, 4059.48, 2245, 35543.67, 27350, 42243.33, 1517.667, 0, 0, 75.191
52.67981, 52.68000, 4059.99, 2244, 35883.67, 27500.67, 42623.33, 1527, 0, 0, 75.152
52.67055, 52.67056, 4060.50, 2242, 36046.67, 27748, 42832.67, 1536, 0, 0, 75.13533
52.66130, 52.66139, 4061.00, 2239.667, 36573.67, 27994, 43449.67, 1550, 0, 0, 75.19267
52.65205, 52.65222, 4061.49, 2238, 37220, 28622, 44204, 1570.333, 0, 0, 75.158
52.64282, 52.64305, 4061.99, 2236.667, 37986, 29204.33, 45023.67, 1595, 0, 0, 75.178
52.63358, 52.63389, 4062.48, 2235.667, 38602.33, 29684.33, 45790.33, 1620.333, 0, 0, 75.08234
52.62435, 52.62472, 4062.98, 2230.333, 39478.33, 30381, 46877.33, 1642.667, 0, 0, 75.07
52.61512, 52.61528, 4063.49, 2227.667, 39918.33, 30693.33, 47374, 1661.667, 0, 0, 75.21333
52.60590, 52.60611, 4063.99, 2228.667, 40225.33, 30861.33, 47813.33, 1681, 0, 0, 75.12233
52.59667, 52.59667, 4064.50, 2226.333, 40643.67, 31154.67, 48178.33, 1695.667, 0, 0, 75.08334
52.58746, 52.58778, 4064.98, 2223.667, 41039.67, 31584, 48698.33, 1709.333, 0, 0, 75.06633
52.57825, 52.57861, 4065.48, 2224, 41348.67, 31743.67, 48976.33, 1726.667, 0, 0, 75.098
52.56904, 52.56917, 4065.99, 2221.333, 41912, 32185.67, 49698, 1746, 0, 0, 75.06734
52.55983, 52.56000, 4066.49, 2219.333, 42507, 32601.33, 50493.33, 1765.333, 0, 0, 75.12233
52.55064, 52.55083, 4066.99, 2216.667, 43082.67, 33007.67, 51134.67, 1784.333, 0, 0, 75.16233
52.54144, 52.54167, 4067.49, 2216.333, 43595.33, 33520, 51748, 1799, 0, 0, 75.02734
52.53226, 52.53250, 4067.99, 2213.667, 43650.33, 33416.67, 51784.67, 1806.333, 0, 0, 75.19
52.52307, 52.52333, 4068.49, 2212, 43762.67, 33514, 52044, 1808.333, 0, 0, 75.17767
52.51389, 52.51389, 4069.00, 2210, 43558, 33419.67, 51569.33, 1804, 0, 0, 75.19133
52.50470, 52.50500, 4069.48, 2210.333, 43632.67, 33574.33, 51739.33, 1797, 0, 0, 75.086
52.49553, 52.49583, 4069.98, 2206, 43320.33, 33194.33, 51475, 1787.667, 0, 0, 75.13367
52.48636, 52.48639, 4070.50, 2203, 43117, 33125, 51181, 1779.667, 0, 0, 75.14667
52.47720, 52.47750, 4070.98, 2203.333, 43032, 33075.67, 51036.67, 1773.333, 0, 0, 74.977
52.46804, 52.46833, 4071.48, 2201.333, 42739.67, 32852, 50755.33, 1769, 0, 0, 74.96733
52.45888, 52.45917, 4071.98, 2198.667, 42828, 32899.33, 50790.33, 1765.333, 0, 0, 74.97867
52.44973, 52.45000, 4072.49, 2196.667, 42731, 32882.67, 50747, 1766.333, 0, 0, 75.04
52.44058, 52.44083, 4072.99, 2194.333, 42780, 32926, 50797.33, 1766.333, 0, 0, 75.03833
52.43143, 52.43167, 4073.49, 2192.333, 42958.33, 33004.33, 51004.33, 1768.333, 0, 0, 75.046
52.42229, 52.42250, 4073.99, 2190.333, 42992, 33032, 51025.67, 1773.667, 0, 0, 75.10367
52.39855, 52.39917, 4075.27, 2185, 43623.67, 33460.67, 51802.33, 1792, 0, 0, 75.039
52.37483, 52.37528, 4076.58, 2180.667, 44565, 34229, 52896.67, 1822.333, 0, 0, 75.00667
52.35114, 52.35139, 4077.89, 2173, 45349.33, 34737, 53947.33, 1856, 0, 0, 75.00433
52.32748, 52.32778, 4079.18, 2169.333, 45825.67, 35114.67, 54445.33, 1881, 0, 0, 75.04467
52.30384, 52.30416, 4080.48, 2165.333, 46367.67, 35556, 55038, 1896.667, 0, 0, 75.04134
52.28024, 52.28056, 4081.78, 2160.667, 46739.33, 35860.67, 55477, 1905.333, 0, 0, 75.01067
52.25665, 52.25722, 4083.07, 2154.333, 46955, 36031, 55643, 1905.667, 0, 0, 75.03633
52.23310, 52.23361, 4084.37, 2150.667, 46552.67, 35781.33, 55271, 1897.333, 0, 0, 74.87233
52.20958, 52.21000, 4085.68, 2145, 45949.33, 35285.67, 54461, 1879.333, 0, 0, 74.97166
52.18608, 52.18667, 4086.97, 2141, 45447, 34947.33, 53981, 1862.333, 0, 0, 74.897
52.16261, 52.16306, 4088.28, 2136.333, 45334, 34709.33, 53799.33, 1851.333, 0, 0, 74.81233
52.13917, 52.13945, 4089.59, 2130, 45625, 35147.67, 54154.33, 1849, 0, 0, 75.008
52.11576, 52.11639, 4090.87, 2125.333, 45445.67, 34936, 53910.33, 1848, 0, 0, 74.805
52.09237, 52.09278, 4092.18, 2120.333, 45318.67, 34878, 53758, 1845.333, 0, 0, 75.03733
52.06900, 52.06917, 4093.49, 2107.667, 45088, 34669.33, 53481.33, 1827.667, 0, 0, 74.97967
52.04567, 52.04583, 4094.79, 2091.667, 44374.67, 34022.67, 52623.67, 1796.333, 0, 0, 74.84834
52.02236, 52.02278, 4096.08, 2087, 43185.33, 33164.33, 51322.67, 1762.667, 0, 0, 74.796
51.99909, 51.99944, 4097.38, 2082.667, 42469.33, 32561.33, 50399.67, 1722.333, 0, 0, 74.954
51.97583, 51.97639, 4098.67, 2077.667, 41369.33, 31696.67, 48993, 1683.667, 0, 0, 75.01867
51.95261, 51.95278, 4099.99, 2070.667, 40190.67, 30865, 47750.33, 1650.667, 0, 0, 74.97134
51.91692, 51.91750, 4101.97, 2055.333, 39674.33, 30493.33, 47100.67, 1616.667, 0, 0, 74.95233
51.88131, 51.88194, 4103.96, 2043.667, 39186.33, 30197, 46571.67, 1597.333, 0, 0, 74.83234
51.84575, 51.84639, 4105.96, 2045.333, 39291, 30163, 46475, 1601.667, 0, 0, 74.83933
51.81026, 51.81083, 4107.97, 2069, 39905.67, 30738.33, 47312, 1629, 0, 0, 74.845
51.77483, 51.77500, 4109.99, 2053, 40004.33, 30770, 47471.67, 1628.333, 0, 0, 74.87733
51.73946, 51.73972, 4111.99, 2038, 39964.67, 30646, 47422, 1624.333, 0, 0, 74.92233
51.70415, 51.70444, 4113.98, 2023.667, 39564.67, 30375, 46993, 1616.667, 0, 0, 74.89333
51.66891, 51.66917, 4115.99, 2009, 39550.67, 30352.33, 46898.33, 1608.667, 0, 0, 74.962
51.63373, 51.63417, 4117.98, 1990.333, 39572.67, 30335, 46846.33, 1600.667, 0, 0, 74.94633
51.59861, 51.59889, 4119.98, 2021.667, 40174.33, 30828.67, 47690.33, 1624.667, 0, 0, 74.95033
51.56355, 51.56417, 4121.97, 2033, 40385.67, 31014.67, 47879, 1639.333, 0, 0, 74.911
51.52855, 51.52889, 4123.98, 2022, 40420, 30947.67, 47888, 1636, 0, 0, 74.94566
51.49361, 51.49389, 4125.98, 2014.333, 40233.67, 30930.67, 47743.67, 1631.667, 0, 0, 74.928
51.45874, 51.45917, 4127.98, 2006.333, 40477.33, 31132.33, 47977.67, 1632.333, 0, 0, 74.85433
51.42392, 51.42445, 4129.97, 1997.667, 40521.33, 31020.67, 47984.67, 1636.667, 0, 0, 74.979
51.36313, 51.36389, 4133.46, 1986.667, 40181.33, 30872.67, 47619, 1637.667, 0, 0, 74.84333
51.30253, 51.30305, 4136.97, 1974, 40251, 30920, 47700, 1627, 0, 0, 74.76067
51.24212, 51.24278, 4140.46, 1962.333, 39801.67, 30569, 47220.33, 1610, 0, 0, 74.76266
51.18187, 51.18278, 4143.95, 1949.667, 39439.67, 30308.33, 46770.33, 1600.667, 0, 0, 74.84566
51.12181, 51.12250, 4147.46, 1938.667, 39471, 30222.67, 46694.33, 1597, 0, 0, 74.745
51.06194, 51.06250, 4150.97, 1924.667, 39295.67, 30257, 46611, 1589.667, 0, 0, 74.83733
51.00224, 51.00278, 4154.47, 1915, 38956.67, 29820.67, 46305.33, 1580, 0, 0, 74.866
50.94271, 50.94305, 4157.98, 1902.333, 38707.67, 29695, 45875.67, 1568.333, 0, 0, 74.85267
50.88336, 50.88361, 4161.49, 1891.333, 38007.33, 29066.33, 45027.33, 1541.667, 0, 0, 74.89667
50.82419, 50.82417, 4165.00, 1879.333, 37416.67, 28676.67, 44231.33, 1514.333, 0, 0, 74.85033
50.76519, 50.76556, 4168.48, 1865.333, 36683.33, 28058.67, 43459, 1495.333, 0, 0, 74.911
50.70637, 50.70667, 4171.98, 1854.333, 36636.67, 28039, 43389.67, 1483.667, 0, 0, 74.83434
50.64771, 50.64778, 4175.50, 1841.667, 36026.33, 27560.33, 42801, 1472.667, 0, 0, 74.87167
50.58923, 50.58917, 4179.00, 1830.333, 36094, 27730.33, 42734.33, 1464.333, 0, 0, 74.801
50.53092, 50.53111, 4182.49, 1819.333, 35987.33, 27670, 42609, 1459, 0, 0, 74.72134
50.47277, 50.47306, 4185.98, 1807.333, 35643.33, 27270, 42200.33, 1452.333, 0, 0, 74.724
50.41480, 50.41500, 4189.49, 1795.333, 35712.67, 27403.33, 42311.67, 1447.333, 0, 0, 74.689
50.35699, 50.35750, 4192.97, 1783.333, 35406.67, 27260.33, 42037.33, 1446, 0, 0, 74.719
50.29935, 50.29972, 4196.48, 1771.333, 35315.67, 27043, 41981.33, 1443.333, 0, 0, 74.73
50.24188, 50.24250, 4199.96, 1760, 35265.33, 26963.67, 41778, 1431.667, 0, 0, 74.722
